season,team_id,team_name,roster_response_available,roster_status,continuity_history_window_start_season,first_evaluable_target_season,continuity_target_evaluable,continuity_history_status,continuity_censor_reason,roster_player_rows,unique_roster_player_ids,roster_rows_with_player_id,roster_rows_with_player_name,roster_rows_with_position,roster_rows_with_jersey_number,duplicate_id_team_season_rows,roster_rows_missing_player_id,identifiable_ol_player_count,ol_player_ids_available,ol_player_ids_missing,ol_with_prior_same_program_roster_link,ol_with_no_prior_same_program_roster_link,aggregate_prior_program_roster_seasons_for_linked_ol,ol_source_rows,ambiguous_ol_position_rows,unknown_position_rows
2004,2,Auburn,true,roster_present_no_identifiable_ol,2009,2010,false,censored_incomplete_pre_2009_history,source_history_incomplete_before_2009,30,30,30,30,0,0,0,0,0,0,0,,,,0,0,30
2004,5,UAB,true,roster_present_no_identifiable_ol,2009,2010,false,censored_incomplete_pre_2009_history,source_history_incomplete_before_2009,23,23,23,23,0,0,0,0,0,0,0,,,,0,0,23
2004,8,Arkansas,true,roster_present_no_identifiable_ol,2009,2010,false,censored_incomplete_pre_2009_history,source_history_incomplete_before_2009,23,23,23,23,0,0,0,0,0,0,0,,,,0,0,23
2004,9,Arizona State,true,roster_present_no_identifiable_ol,2009,2010,false,censored_incomplete_pre_2009_history,source_history_incomplete_before_2009,27,27,27,27,0,0,0,0,0,0,0,,,,0,0,27
2004,12,Arizona,true,roster_present_no_identifiable_ol,2009,2010,false,censored_incomplete_pre_2009_history,source_history_incomplete_before_2009,24,24,24,24,0,0,0,0,0,0,0,,,,0,0,24
2004,21,San Diego State,true,roster_present_no_identifiable_ol,2009,2010,false,censored_incomplete_pre_2009_history,source_history_incomplete_before_2009,32,32,32,32,0,0,0,0,0,0,0,,,,0,0,32
2004,23,San José State,true,roster_present_no_identifiable_ol,2009,2010,false,censored_incomplete_pre_2009_history,source_history_incomplete_before_2009,25,25,25,25,0,0,0,0,0,0,0,,,,0,0,25
2004,24,Stanford,true,roster_present_no_identifiable_ol,2009,2010,false,censored_incomplete_pre_2009_history,source_history_incomplete_before_2009,31,31,31,31,0,0,0,0,0,0,0,,,,0,0,31
2004,25,California,true,roster_present_no_identifiable_ol,2009,2010,false,censored_incomplete_pre_2009_history,source_history_incomplete_before_2009,31,31,31,31,0,0,0,0,0,0,0,,,,0,0,31
2004,26,UCLA,true,roster_present_no_identifiable_ol,2009,2010,false,censored_incomplete_pre_2009_history,source_history_incomplete_before_2009,26,26,26,26,0,0,0,0,0,0,0,,,,0,0,26
2004,30,USC,true,roster_present_no_identifiable_ol,2009,2010,false,censored_incomplete_pre_2009_history,source_history_incomplete_before_2009,35,35,35,35,0,0,0,0,0,0,0,,,,0,0,35
2004,36,Colorado State,true,roster_present_no_identifiable_ol,2009,2010,false,censored_incomplete_pre_2009_history,source_history_incomplete_before_2009,29,29,29,29,0,0,0,0,0,0,0,,,,0,0,29
2004,38,Colorado,true,roster_present_no_identifiable_ol,2009,2010,false,censored_incomplete_pre_2009_history,source_history_incomplete_before_2009,35,35,35,35,0,0,0,0,0,0,0,,,,0,0,35
2004,41,UConn,true,roster_present_no_identifiable_ol,2009,2010,false,censored_incomplete_pre_2009_history,source_history_incomplete_before_2009,24,24,24,24,0,0,0,0,0,0,0,,,,0,0,24
2004,50,Florida A&M,true,roster_present_no_identifiable_ol,2009,2010,false,censored_incomplete_pre_2009_history,source_history_incomplete_before_2009,18,18,18,18,0,0,0,0,0,0,0,,,,0,0,18
2004,52,Florida State,true,roster_present_no_identifiable_ol,2009,2010,false,censored_incomplete_pre_2009_history,source_history_incomplete_before_2009,36,36,36,36,0,0,0,0,0,0,0,,,,0,0,36
2004,57,Florida,true,roster_present_no_identifiable_ol,2009,2010,false,censored_incomplete_pre_2009_history,source_history_incomplete_before_2009,31,31,31,31,0,0,0,0,0,0,0,,,,0,0,31
2004,58,South Florida,true,roster_present_no_identifiable_ol,2009,2010,false,censored_incomplete_pre_2009_history,source_history_incomplete_before_2009,24,24,24,24,0,0,0,0,0,0,0,,,,0,0,24
2004,59,Georgia Tech,true,roster_present_no_identifiable_ol,2009,2010,false,censored_incomplete_pre_2009_history,source_history_incomplete_before_2009,31,31,31,31,0,0,0,0,0,0,0,,,,0,0,31
2004,61,Georgia,true,roster_present_no_identifiable_ol,2009,2010,false,censored_incomplete_pre_2009_history,source_history_incomplete_before_2009,29,29,29,29,0,0,0,0,0,0,0,,,,0,0,29
2004,62,Hawai'i,true,roster_present_no_identifiable_ol,2009,2010,false,censored_incomplete_pre_2009_history,source_history_incomplete_before_2009,26,26,26,26,0,0,0,0,0,0,0,,,,0,0,26
2004,66,Iowa State,true,roster_present_no_identifiable_ol,2009,2010,false,censored_incomplete_pre_2009_history,source_history_incomplete_before_2009,30,30,30,30,0,0,0,0,0,0,0,,,,0,0,30
2004,68,Boise State,true,roster_present_no_identifiable_ol,2009,2010,false,censored_incomplete_pre_2009_history,source_history_incomplete_before_2009,34,34,34,34,0,0,0,0,0,0,0,,,,0,0,34
2004,70,Idaho,true,roster_present_no_identifiable_ol,2009,2010,false,censored_incomplete_pre_2009_history,source_history_incomplete_before_2009,27,27,27,27,0,0,0,0,0,0,0,,,,0,0,27
2004,77,Northwestern,true,roster_present_no_identifiable_ol,2009,2010,false,censored_incomplete_pre_2009_history,source_history_incomplete_before_2009,22,22,22,22,0,0,0,0,0,0,0,,,,0,0,22
2004,84,Indiana,true,roster_present_no_identifiable_ol,2009,2010,false,censored_incomplete_pre_2009_history,source_history_incomplete_before_2009,24,24,24,24,0,0,0,0,0,0,0,,,,0,0,24
2004,87,Notre Dame,true,roster_present_no_identifiable_ol,2009,2010,false,censored_incomplete_pre_2009_history,source_history_incomplete_before_2009,30,30,30,30,0,0,0,0,0,0,0,,,,0,0,30
2004,96,Kentucky,true,roster_present_no_identifiable_ol,2009,2010,false,censored_incomplete_pre_2009_history,source_history_incomplete_before_2009,34,34,34,34,0,0,0,0,0,0,0,,,,0,0,34
2004,97,Louisville,true,roster_present_no_identifiable_ol,2009,2010,false,censored_incomplete_pre_2009_history,source_history_incomplete_before_2009,32,32,32,32,0,0,0,0,0,0,0,,,,0,0,32
2004,99,LSU,true,roster_present_no_identifiable_ol,2009,2010,false,censored_incomplete_pre_2009_history,source_history_incomplete_before_2009,32,32,32,32,0,0,0,0,0,0,0,,,,0,0,32
2004,103,Boston College,true,roster_present_no_identifiable_ol,2009,2010,false,censored_incomplete_pre_2009_history,source_history_incomplete_before_2009,32,32,32,32,1,1,0,0,0,0,0,,,,0,0,31
2004,120,Maryland,true,roster_present_no_identifiable_ol,2009,2010,false,censored_incomplete_pre_2009_history,source_history_incomplete_before_2009,27,27,27,27,0,0,0,0,0,0,0,,,,0,0,27
2004,127,Michigan State,true,roster_present_no_identifiable_ol,2009,2010,false,censored_incomplete_pre_2009_history,source_history_incomplete_before_2009,27,27,27,27,0,0,0,0,0,0,0,,,,0,0,27
2004,130,Michigan,true,roster_present_no_identifiable_ol,2009,2010,false,censored_incomplete_pre_2009_history,source_history_incomplete_before_2009,29,29,29,29,0,0,0,0,0,0,0,,,,0,0,29
2004,135,Minnesota,true,roster_present_no_identifiable_ol,2009,2010,false,censored_incomplete_pre_2009_history,source_history_incomplete_before_2009,24,24,24,24,0,0,0,0,0,0,0,,,,0,0,24
2004,142,Missouri,true,roster_present_no_identifiable_ol,2009,2010,false,censored_incomplete_pre_2009_history,source_history_incomplete_before_2009,30,30,30,30,0,0,0,0,0,0,0,,,,0,0,30
2004,145,Ole Miss,true,roster_present_no_identifiable_ol,2009,2010,false,censored_incomplete_pre_2009_history,source_history_incomplete_before_2009,25,25,25,25,0,0,0,0,0,0,0,,,,0,0,25
2004,150,Duke,true,roster_present_no_identifiable_ol,2009,2010,false,censored_incomplete_pre_2009_history,source_history_incomplete_before_2009,29,29,29,29,0,0,0,0,0,0,0,,,,0,0,29
2004,151,East Carolina,true,roster_present_no_identifiable_ol,2009,2010,false,censored_incomplete_pre_2009_history,source_history_incomplete_before_2009,29,29,29,29,0,0,0,0,0,0,0,,,,0,0,29
2004,152,NC State,true,roster_present_no_identifiable_ol,2009,2010,false,censored_incomplete_pre_2009_history,source_history_incomplete_before_2009,25,25,25,25,1,1,0,0,0,0,0,,,,0,0,24
2004,153,North Carolina,true,roster_present_no_identifiable_ol,2009,2010,false,censored_incomplete_pre_2009_history,source_history_incomplete_before_2009,31,31,31,31,0,0,0,0,0,0,0,,,,0,0,31
2004,154,Wake Forest,true,roster_present_no_identifiable_ol,2009,2010,false,censored_incomplete_pre_2009_history,source_history_incomplete_before_2009,32,32,32,32,0,0,0,0,0,0,0,,,,0,0,32
2004,158,Nebraska,true,roster_present_no_identifiable_ol,2009,2010,false,censored_incomplete_pre_2009_history,source_history_incomplete_before_2009,32,32,32,32,0,0,0,0,0,0,0,,,,0,0,32
2004,164,Rutgers,true,roster_present_no_identifiable_ol,2009,2010,false,censored_incomplete_pre_2009_history,source_history_incomplete_before_2009,26,26,26,26,0,0,0,0,0,0,0,,,,0,0,26
2004,166,New Mexico State,true,roster_present_no_identifiable_ol,2009,2010,false,censored_incomplete_pre_2009_history,source_history_incomplete_before_2009,29,29,29,29,0,0,0,0,0,0,0,,,,0,0,29
2004,167,New Mexico,true,roster_present_no_identifiable_ol,2009,2010,false,censored_incomplete_pre_2009_history,source_history_incomplete_before_2009,27,27,27,27,0,0,0,0,0,0,0,,,,0,0,27
2004,183,Syracuse,true,roster_present_no_identifiable_ol,2009,2010,false,censored_incomplete_pre_2009_history,source_history_incomplete_before_2009,26,26,26,26,0,0,0,0,0,0,0,,,,0,0,26
2004,189,Bowling Green,true,roster_present_no_identifiable_ol,2009,2010,false,censored_incomplete_pre_2009_history,source_history_incomplete_before_2009,25,25,25,25,0,0,0,0,0,0,0,,,,0,0,25
2004,193,Miami (OH),true,roster_present_no_identifiable_ol,2009,2010,false,censored_incomplete_pre_2009_history,source_history_incomplete_before_2009,30,30,30,30,0,0,0,0,0,0,0,,,,0,0,30
2004,194,Ohio State,true,roster_present_no_identifiable_ol,2009,2010,false,censored_incomplete_pre_2009_history,source_history_incomplete_before_2009,27,27,27,27,0,0,0,0,0,0,0,,,,0,0,27
2004,195,Ohio,true,roster_present_no_identifiable_ol,2009,2010,false,censored_incomplete_pre_2009_history,source_history_incomplete_before_2009,30,30,30,30,0,0,0,0,0,0,0,,,,0,0,30
2004,197,Oklahoma State,true,roster_present_no_identifiable_ol,2009,2010,false,censored_incomplete_pre_2009_history,source_history_incomplete_before_2009,28,28,28,28,0,0,0,0,0,0,0,,,,0,0,28
2004,201,Oklahoma,true,roster_present_no_identifiable_ol,2009,2010,false,censored_incomplete_pre_2009_history,source_history_incomplete_before_2009,31,31,31,31,0,0,0,0,0,0,0,,,,0,0,31
2004,202,Tulsa,true,roster_present_no_identifiable_ol,2009,2010,false,censored_incomplete_pre_2009_history,source_history_incomplete_before_2009,22,22,22,22,0,0,0,0,0,0,0,,,,0,0,22
2004,204,Oregon State,true,roster_present_no_identifiable_ol,2009,2010,false,censored_incomplete_pre_2009_history,source_history_incomplete_before_2009,26,26,26,26,0,0,0,0,0,0,0,,,,0,0,26
2004,213,Penn State,true,roster_present_no_identifiable_ol,2009,2010,false,censored_incomplete_pre_2009_history,source_history_incomplete_before_2009,33,33,33,33,0,0,0,0,0,0,0,,,,0,0,33
2004,218,Temple,true,roster_present_no_identifiable_ol,2009,2010,false,censored_incomplete_pre_2009_history,source_history_incomplete_before_2009,23,23,23,23,0,0,0,0,0,0,0,,,,0,0,23
2004,221,Pittsburgh,true,roster_present_no_identifiable_ol,2009,2010,false,censored_incomplete_pre_2009_history,source_history_incomplete_before_2009,29,29,29,29,0,0,0,0,0,0,0,,,,0,0,29
2004,228,Clemson,true,roster_present_no_identifiable_ol,2009,2010,false,censored_incomplete_pre_2009_history,source_history_incomplete_before_2009,24,24,24,24,1,1,0,0,0,0,0,,,,0,0,23
2004,235,Memphis,true,roster_present_no_identifiable_ol,2009,2010,false,censored_incomplete_pre_2009_history,source_history_incomplete_before_2009,23,23,23,23,0,0,0,0,0,0,0,,,,0,0,23
2004,238,Vanderbilt,true,roster_present_no_identifiable_ol,2009,2010,false,censored_incomplete_pre_2009_history,source_history_incomplete_before_2009,24,24,24,24,0,0,0,0,0,0,0,,,,0,0,24
2004,239,Baylor,true,roster_present_no_identifiable_ol,2009,2010,false,censored_incomplete_pre_2009_history,source_history_incomplete_before_2009,24,24,24,24,0,0,0,0,0,0,0,,,,0,0,24
2004,242,Rice,true,roster_present_no_identifiable_ol,2009,2010,false,censored_incomplete_pre_2009_history,source_history_incomplete_before_2009,29,29,29,29,0,0,0,0,0,0,0,,,,0,0,29
2004,245,Texas A&M,true,roster_present_no_identifiable_ol,2009,2010,false,censored_incomplete_pre_2009_history,source_history_incomplete_before_2009,30,30,30,30,0,0,0,0,0,0,0,,,,0,0,30
2004,248,Houston,true,roster_present_no_identifiable_ol,2009,2010,false,censored_incomplete_pre_2009_history,source_history_incomplete_before_2009,26,26,26,26,0,0,0,0,0,0,0,,,,0,0,26
2004,249,North Texas,true,roster_present_no_identifiable_ol,2009,2010,false,censored_incomplete_pre_2009_history,source_history_incomplete_before_2009,25,25,25,25,0,0,0,0,0,0,0,,,,0,0,25
2004,251,Texas,true,roster_present_no_identifiable_ol,2009,2010,false,censored_incomplete_pre_2009_history,source_history_incomplete_before_2009,37,37,37,37,0,0,0,0,0,0,0,,,,0,0,37
2004,252,BYU,true,roster_present_no_identifiable_ol,2009,2010,false,censored_incomplete_pre_2009_history,source_history_incomplete_before_2009,29,29,29,29,1,1,0,0,0,0,0,,,,0,0,28
2004,254,Utah,true,roster_present_no_identifiable_ol,2009,2010,false,censored_incomplete_pre_2009_history,source_history_incomplete_before_2009,34,34,34,34,0,0,0,0,0,0,0,,,,0,0,34
2004,258,Virginia,true,roster_present_no_identifiable_ol,2009,2010,false,censored_incomplete_pre_2009_history,source_history_incomplete_before_2009,31,31,31,31,0,0,0,0,0,0,0,,,,0,0,31
2004,259,Virginia Tech,true,roster_present_no_identifiable_ol,2009,2010,false,censored_incomplete_pre_2009_history,source_history_incomplete_before_2009,32,32,32,32,0,0,0,0,0,0,0,,,,0,0,32
2004,264,Washington,true,roster_present_no_identifiable_ol,2009,2010,false,censored_incomplete_pre_2009_history,source_history_incomplete_before_2009,32,32,32,32,0,0,0,0,0,0,0,,,,0,0,32
2004,265,Washington State,true,roster_present_no_identifiable_ol,2009,2010,false,censored_incomplete_pre_2009_history,source_history_incomplete_before_2009,30,30,30,30,0,0,0,0,0,0,0,,,,0,0,30
2004,275,Wisconsin,true,roster_present_no_identifiable_ol,2009,2010,false,censored_incomplete_pre_2009_history,source_history_incomplete_before_2009,26,26,26,26,0,0,0,0,0,0,0,,,,0,0,26
2004,276,Marshall,true,roster_present_no_identifiable_ol,2009,2010,false,censored_incomplete_pre_2009_history,source_history_incomplete_before_2009,32,32,32,32,0,0,0,0,0,0,0,,,,0,0,32
2004,277,West Virginia,true,roster_present_no_identifiable_ol,2009,2010,false,censored_incomplete_pre_2009_history,source_history_incomplete_before_2009,34,34,34,34,0,0,0,0,0,0,0,,,,0,0,34
2004,278,Fresno State,true,roster_present_no_identifiable_ol,2009,2010,false,censored_incomplete_pre_2009_history,source_history_incomplete_before_2009,33,33,33,33,0,0,0,0,0,0,0,,,,0,0,33
2004,309,Louisiana,true,roster_present_no_identifiable_ol,2009,2010,false,censored_incomplete_pre_2009_history,source_history_incomplete_before_2009,24,24,24,24,0,0,0,0,0,0,0,,,,0,0,24
2004,328,Utah State,true,roster_present_no_identifiable_ol,2009,2010,false,censored_incomplete_pre_2009_history,source_history_incomplete_before_2009,28,28,28,28,0,0,0,0,0,0,0,,,,0,0,28
2004,333,Alabama,true,roster_present_no_identifiable_ol,2009,2010,false,censored_incomplete_pre_2009_history,source_history_incomplete_before_2009,28,28,28,28,0,0,0,0,0,0,0,,,,0,0,28
2004,344,Mississippi State,true,roster_present_no_identifiable_ol,2009,2010,false,censored_incomplete_pre_2009_history,source_history_incomplete_before_2009,28,28,28,28,0,0,0,0,0,0,0,,,,0,0,28
2004,349,Army,true,roster_present_no_identifiable_ol,2009,2010,false,censored_incomplete_pre_2009_history,source_history_incomplete_before_2009,26,26,26,26,0,0,0,0,0,0,0,,,,0,0,26
2004,356,Illinois,true,roster_present_no_identifiable_ol,2009,2010,false,censored_incomplete_pre_2009_history,source_history_incomplete_before_2009,29,29,29,29,0,0,0,0,0,0,0,,,,0,0,29
2004,2005,Air Force,true,roster_present_no_identifiable_ol,2009,2010,false,censored_incomplete_pre_2009_history,source_history_incomplete_before_2009,30,30,30,30,0,0,0,0,0,0,0,,,,0,0,30
2004,2006,Akron,true,roster_present_no_identifiable_ol,2009,2010,false,censored_incomplete_pre_2009_history,source_history_incomplete_before_2009,26,26,26,26,1,1,0,0,0,0,0,,,,0,0,25
2004,2032,Arkansas State,true,roster_present_no_identifiable_ol,2009,2010,false,censored_incomplete_pre_2009_history,source_history_incomplete_before_2009,24,24,24,24,0,0,0,0,0,0,0,,,,0,0,24
2004,2050,Ball State,true,roster_present_no_identifiable_ol,2009,2010,false,censored_incomplete_pre_2009_history,source_history_incomplete_before_2009,21,21,21,21,0,0,0,0,0,0,0,,,,0,0,21
2004,2084,Buffalo,true,roster_present_no_identifiable_ol,2009,2010,false,censored_incomplete_pre_2009_history,source_history_incomplete_before_2009,23,23,23,23,0,0,0,0,0,0,0,,,,0,0,23
2004,2116,UCF,true,roster_present_no_identifiable_ol,2009,2010,false,censored_incomplete_pre_2009_history,source_history_incomplete_before_2009,23,23,23,23,0,0,0,0,0,0,0,,,,0,0,23
2004,2117,Central Michigan,true,roster_present_no_identifiable_ol,2009,2010,false,censored_incomplete_pre_2009_history,source_history_incomplete_before_2009,24,24,24,24,0,0,0,0,0,0,0,,,,0,0,24
2004,2132,Cincinnati,true,roster_present_no_identifiable_ol,2009,2010,false,censored_incomplete_pre_2009_history,source_history_incomplete_before_2009,28,28,28,28,0,0,0,0,0,0,0,,,,0,0,28
2004,2199,Eastern Michigan,true,roster_present_no_identifiable_ol,2009,2010,false,censored_incomplete_pre_2009_history,source_history_incomplete_before_2009,22,22,22,22,0,0,0,0,0,0,0,,,,0,0,22
2004,2226,Florida Atlantic,true,roster_present_no_identifiable_ol,2009,2010,false,censored_incomplete_pre_2009_history,source_history_incomplete_before_2009,21,21,21,21,0,0,0,0,0,0,0,,,,0,0,21
2004,2294,Iowa,true,roster_present_no_identifiable_ol,2009,2010,false,censored_incomplete_pre_2009_history,source_history_incomplete_before_2009,30,30,30,30,0,0,0,0,0,0,0,,,,0,0,30
2004,2305,Kansas,true,roster_present_no_identifiable_ol,2009,2010,false,censored_incomplete_pre_2009_history,source_history_incomplete_before_2009,28,28,28,28,0,0,0,0,0,0,0,,,,0,0,28
2004,2306,Kansas State,true,roster_present_no_identifiable_ol,2009,2010,false,censored_incomplete_pre_2009_history,source_history_incomplete_before_2009,24,24,24,24,0,0,0,0,0,0,0,,,,0,0,24
2004,2309,Kent State,true,roster_present_no_identifiable_ol,2009,2010,false,censored_incomplete_pre_2009_history,source_history_incomplete_before_2009,27,27,27,27,0,0,0,0,0,0,0,,,,0,0,27
2004,2348,Louisiana Tech,true,roster_present_no_identifiable_ol,2009,2010,false,censored_incomplete_pre_2009_history,source_history_incomplete_before_2009,28,28,28,28,0,0,0,0,0,0,0,,,,0,0,28
2004,2390,Miami,true,roster_present_no_identifiable_ol,2009,2010,false,censored_incomplete_pre_2009_history,source_history_incomplete_before_2009,29,29,29,29,0,0,0,0,0,0,0,,,,0,0,29
2004,2393,Middle Tennessee,true,roster_present_no_identifiable_ol,2009,2010,false,censored_incomplete_pre_2009_history,source_history_incomplete_before_2009,22,22,22,22,0,0,0,0,0,0,0,,,,0,0,22
2004,2426,Navy,true,roster_present_no_identifiable_ol,2009,2010,false,censored_incomplete_pre_2009_history,source_history_incomplete_before_2009,29,29,29,29,0,0,0,0,0,0,0,,,,0,0,29
2004,2433,UL Monroe,true,roster_present_no_identifiable_ol,2009,2010,false,censored_incomplete_pre_2009_history,source_history_incomplete_before_2009,29,29,29,29,0,0,0,0,0,0,0,,,,0,0,29
2004,2439,UNLV,true,roster_present_no_identifiable_ol,2009,2010,false,censored_incomplete_pre_2009_history,source_history_incomplete_before_2009,24,24,24,24,0,0,0,0,0,0,0,,,,0,0,24
2004,2440,Nevada,true,roster_present_no_identifiable_ol,2009,2010,false,censored_incomplete_pre_2009_history,source_history_incomplete_before_2009,25,25,25,25,0,0,0,0,0,0,0,,,,0,0,25
2004,2459,Northern Illinois,true,roster_present_no_identifiable_ol,2009,2010,false,censored_incomplete_pre_2009_history,source_history_incomplete_before_2009,28,28,28,28,0,0,0,0,0,0,0,,,,0,0,28
2004,2483,Oregon,true,roster_present_no_identifiable_ol,2009,2010,false,censored_incomplete_pre_2009_history,source_history_incomplete_before_2009,30,30,30,30,0,0,0,0,0,0,0,,,,0,0,30
2004,2509,Purdue,true,roster_present_no_identifiable_ol,2009,2010,false,censored_incomplete_pre_2009_history,source_history_incomplete_before_2009,28,28,28,28,1,1,0,0,0,0,0,,,,0,0,27
2004,2567,SMU,true,roster_present_no_identifiable_ol,2009,2010,false,censored_incomplete_pre_2009_history,source_history_incomplete_before_2009,27,27,27,27,0,0,0,0,0,0,0,,,,0,0,27
2004,2572,Southern Miss,true,roster_present_no_identifiable_ol,2009,2010,false,censored_incomplete_pre_2009_history,source_history_incomplete_before_2009,30,30,30,30,0,0,0,0,0,0,0,,,,0,0,30
2004,2579,South Carolina,true,roster_present_no_identifiable_ol,2009,2010,false,censored_incomplete_pre_2009_history,source_history_incomplete_before_2009,33,33,33,33,0,0,0,0,0,0,0,,,,0,0,33
2004,2628,TCU,true,roster_present_no_identifiable_ol,2009,2010,false,censored_incomplete_pre_2009_history,source_history_incomplete_before_2009,30,30,30,30,0,0,0,0,0,0,0,,,,0,0,30
2004,2633,Tennessee,true,roster_present_no_identifiable_ol,2009,2010,false,censored_incomplete_pre_2009_history,source_history_incomplete_before_2009,28,28,28,28,0,0,0,0,0,0,0,,,,0,0,28
2004,2638,UTEP,true,roster_present_no_identifiable_ol,2009,2010,false,censored_incomplete_pre_2009_history,source_history_incomplete_before_2009,30,30,30,30,0,0,0,0,0,0,0,,,,0,0,30
2004,2641,Texas Tech,true,roster_present_no_identifiable_ol,2009,2010,false,censored_incomplete_pre_2009_history,source_history_incomplete_before_2009,27,27,27,27,1,1,0,0,0,0,0,,,,0,0,26
2004,2649,Toledo,true,roster_present_no_identifiable_ol,2009,2010,false,censored_incomplete_pre_2009_history,source_history_incomplete_before_2009,27,27,27,27,0,0,0,0,0,0,0,,,,0,0,27
2004,2653,Troy,true,roster_present_no_identifiable_ol,2009,2010,false,censored_incomplete_pre_2009_history,source_history_incomplete_before_2009,31,31,31,31,0,0,0,0,0,0,0,,,,0,0,31
2004,2655,Tulane,true,roster_present_no_identifiable_ol,2009,2010,false,censored_incomplete_pre_2009_history,source_history_incomplete_before_2009,26,26,26,26,0,0,0,0,0,0,0,,,,0,0,26
2004,2711,Western Michigan,true,roster_present_no_identifiable_ol,2009,2010,false,censored_incomplete_pre_2009_history,source_history_incomplete_before_2009,29,29,29,29,0,0,0,0,0,0,0,,,,0,0,29
2004,2751,Wyoming,true,roster_present_no_identifiable_ol,2009,2010,false,censored_incomplete_pre_2009_history,source_history_incomplete_before_2009,29,29,29,29,0,0,0,0,0,0,0,,,,0,0,29
2005,2,Auburn,true,roster_present_no_identifiable_ol,2009,2010,false,censored_incomplete_pre_2009_history,source_history_incomplete_before_2009,29,29,29,29,0,0,0,0,0,0,0,,,,0,0,29
2005,5,UAB,true,roster_present_no_identifiable_ol,2009,2010,false,censored_incomplete_pre_2009_history,source_history_incomplete_before_2009,31,31,31,31,0,0,0,0,0,0,0,,,,0,0,31
2005,8,Arkansas,true,roster_present_no_identifiable_ol,2009,2010,false,censored_incomplete_pre_2009_history,source_history_incomplete_before_2009,30,30,30,30,1,1,0,0,0,0,0,,,,0,0,29
2005,9,Arizona State,true,roster_present_no_identifiable_ol,2009,2010,false,censored_incomplete_pre_2009_history,source_history_incomplete_before_2009,32,32,32,32,1,1,0,0,0,0,0,,,,0,0,31
2005,12,Arizona,true,roster_present_no_identifiable_ol,2009,2010,false,censored_incomplete_pre_2009_history,source_history_incomplete_before_2009,21,21,21,21,0,0,0,0,0,0,0,,,,0,0,21
2005,21,San Diego State,true,roster_present_with_identifiable_ol,2009,2010,false,censored_incomplete_pre_2009_history,source_history_incomplete_before_2009,30,30,30,30,2,2,0,0,1,1,0,,,,1,0,28
2005,23,San José State,true,roster_present_no_identifiable_ol,2009,2010,false,censored_incomplete_pre_2009_history,source_history_incomplete_before_2009,29,29,29,29,3,3,0,0,0,0,0,,,,0,0,26
2005,24,Stanford,true,roster_present_no_identifiable_ol,2009,2010,false,censored_incomplete_pre_2009_history,source_history_incomplete_before_2009,27,27,27,27,0,0,0,0,0,0,0,,,,0,0,27
2005,25,California,true,roster_present_no_identifiable_ol,2009,2010,false,censored_incomplete_pre_2009_history,source_history_incomplete_before_2009,30,30,30,30,0,0,0,0,0,0,0,,,,0,0,30
2005,26,UCLA,true,roster_present_no_identifiable_ol,2009,2010,false,censored_incomplete_pre_2009_history,source_history_incomplete_before_2009,31,31,31,31,3,3,0,0,0,0,0,,,,0,0,28
2005,30,USC,true,roster_present_no_identifiable_ol,2009,2010,false,censored_incomplete_pre_2009_history,source_history_incomplete_before_2009,46,46,46,46,1,1,0,0,0,0,0,,,,0,0,45
2005,36,Colorado State,true,roster_present_no_identifiable_ol,2009,2010,false,censored_incomplete_pre_2009_history,source_history_incomplete_before_2009,26,26,26,26,0,0,0,0,0,0,0,,,,0,0,26
2005,38,Colorado,true,roster_present_no_identifiable_ol,2009,2010,false,censored_incomplete_pre_2009_history,source_history_incomplete_before_2009,38,38,38,38,2,2,0,0,0,0,0,,,,0,0,36
2005,41,UConn,true,roster_present_no_identifiable_ol,2009,2010,false,censored_incomplete_pre_2009_history,source_history_incomplete_before_2009,30,30,30,30,0,0,0,0,0,0,0,,,,0,0,30
2005,52,Florida State,true,roster_present_no_identifiable_ol,2009,2010,false,censored_incomplete_pre_2009_history,source_history_incomplete_before_2009,36,36,36,36,2,2,0,0,0,0,0,,,,0,0,34
2005,57,Florida,true,roster_present_no_identifiable_ol,2009,2010,false,censored_incomplete_pre_2009_history,source_history_incomplete_before_2009,34,34,34,34,1,1,0,0,0,0,0,,,,0,0,33
2005,58,South Florida,true,roster_present_no_identifiable_ol,2009,2010,false,censored_incomplete_pre_2009_history,source_history_incomplete_before_2009,29,29,29,29,1,1,0,0,0,0,0,,,,0,0,28
2005,59,Georgia Tech,true,roster_present_no_identifiable_ol,2009,2010,false,censored_incomplete_pre_2009_history,source_history_incomplete_before_2009,30,30,30,30,0,0,0,0,0,0,0,,,,0,0,30
2005,61,Georgia,true,roster_present_no_identifiable_ol,2009,2010,false,censored_incomplete_pre_2009_history,source_history_incomplete_before_2009,35,35,35,35,0,0,0,0,0,0,0,,,,0,0,35
2005,62,Hawai'i,true,roster_present_no_identifiable_ol,2009,2010,false,censored_incomplete_pre_2009_history,source_history_incomplete_before_2009,30,30,30,30,1,1,0,0,0,0,0,,,,0,0,29
2005,66,Iowa State,true,roster_present_no_identifiable_ol,2009,2010,false,censored_incomplete_pre_2009_history,source_history_incomplete_before_2009,30,30,30,30,0,0,0,0,0,0,0,,,,0,0,30
2005,68,Boise State,true,roster_present_no_identifiable_ol,2009,2010,false,censored_incomplete_pre_2009_history,source_history_incomplete_before_2009,35,35,35,35,0,0,0,0,0,0,0,,,,0,0,35
2005,70,Idaho,true,roster_present_no_identifiable_ol,2009,2010,false,censored_incomplete_pre_2009_history,source_history_incomplete_before_2009,31,31,31,31,0,0,0,0,0,0,0,,,,0,0,31
2005,77,Northwestern,true,roster_present_no_identifiable_ol,2009,2010,false,censored_incomplete_pre_2009_history,source_history_incomplete_before_2009,36,36,36,36,1,1,0,0,0,0,0,,,,0,0,35
2005,84,Indiana,true,roster_present_no_identifiable_ol,2009,2010,false,censored_incomplete_pre_2009_history,source_history_incomplete_before_2009,27,27,27,27,0,0,0,0,0,0,0,,,,0,0,27
2005,87,Notre Dame,true,roster_present_no_identifiable_ol,2009,2010,false,censored_incomplete_pre_2009_history,source_history_incomplete_before_2009,29,29,29,29,0,0,0,0,0,0,0,,,,0,0,29
2005,96,Kentucky,true,roster_present_no_identifiable_ol,2009,2010,false,censored_incomplete_pre_2009_history,source_history_incomplete_before_2009,26,26,26,26,0,0,0,0,0,0,0,,,,0,0,26
2005,97,Louisville,true,roster_present_no_identifiable_ol,2009,2010,false,censored_incomplete_pre_2009_history,source_history_incomplete_before_2009,29,29,29,29,1,1,0,0,0,0,0,,,,0,0,28
2005,99,LSU,true,roster_present_no_identifiable_ol,2009,2010,false,censored_incomplete_pre_2009_history,source_history_incomplete_before_2009,29,29,29,29,0,0,0,0,0,0,0,,,,0,0,29
2005,103,Boston College,true,roster_present_no_identifiable_ol,2009,2010,false,censored_incomplete_pre_2009_history,source_history_incomplete_before_2009,34,34,34,34,1,1,0,0,0,0,0,,,,0,0,33
2005,120,Maryland,true,roster_present_no_identifiable_ol,2009,2010,false,censored_incomplete_pre_2009_history,source_history_incomplete_before_2009,26,26,26,26,0,0,0,0,0,0,0,,,,0,0,26
2005,127,Michigan State,true,roster_present_no_identifiable_ol,2009,2010,false,censored_incomplete_pre_2009_history,source_history_incomplete_before_2009,29,29,29,29,1,1,0,0,0,0,0,,,,0,0,28
2005,130,Michigan,true,roster_present_no_identifiable_ol,2009,2010,false,censored_incomplete_pre_2009_history,source_history_incomplete_before_2009,32,32,32,32,1,1,0,0,0,0,0,,,,0,0,31
2005,135,Minnesota,true,roster_present_no_identifiable_ol,2009,2010,false,censored_incomplete_pre_2009_history,source_history_incomplete_before_2009,29,29,29,29,0,0,0,0,0,0,0,,,,0,0,29
2005,142,Missouri,true,roster_present_no_identifiable_ol,2009,2010,false,censored_incomplete_pre_2009_history,source_history_incomplete_before_2009,30,30,30,30,0,0,0,0,0,0,0,,,,0,0,30
2005,145,Ole Miss,true,roster_present_no_identifiable_ol,2009,2010,false,censored_incomplete_pre_2009_history,source_history_incomplete_before_2009,29,29,29,29,0,0,0,0,0,0,0,,,,0,0,29
2005,150,Duke,true,roster_present_no_identifiable_ol,2009,2010,false,censored_incomplete_pre_2009_history,source_history_incomplete_before_2009,27,27,27,27,1,1,0,0,0,0,0,,,,0,0,26
2005,151,East Carolina,true,roster_present_no_identifiable_ol,2009,2010,false,censored_incomplete_pre_2009_history,source_history_incomplete_before_2009,31,31,31,31,1,1,0,0,0,0,0,,,,0,0,30
2005,152,NC State,true,roster_present_no_identifiable_ol,2009,2010,false,censored_incomplete_pre_2009_history,source_history_incomplete_before_2009,28,28,28,28,1,1,0,0,0,0,0,,,,0,0,28
2005,153,North Carolina,true,roster_present_no_identifiable_ol,2009,2010,false,censored_incomplete_pre_2009_history,source_history_incomplete_before_2009,30,30,30,30,0,0,0,0,0,0,0,,,,0,0,30
2005,154,Wake Forest,true,roster_present_no_identifiable_ol,2009,2010,false,censored_incomplete_pre_2009_history,source_history_incomplete_before_2009,27,27,27,27,0,0,0,0,0,0,0,,,,0,0,27
2005,158,Nebraska,true,roster_present_no_identifiable_ol,2009,2010,false,censored_incomplete_pre_2009_history,source_history_incomplete_before_2009,34,34,34,34,1,1,0,0,0,0,0,,,,0,0,33
2005,164,Rutgers,true,roster_present_no_identifiable_ol,2009,2010,false,censored_incomplete_pre_2009_history,source_history_incomplete_before_2009,24,24,24,24,0,0,0,0,0,0,0,,,,0,0,24
2005,166,New Mexico State,true,roster_present_no_identifiable_ol,2009,2010,false,censored_incomplete_pre_2009_history,source_history_incomplete_before_2009,31,31,31,31,0,0,0,0,0,0,0,,,,0,0,31
2005,167,New Mexico,true,roster_present_no_identifiable_ol,2009,2010,false,censored_incomplete_pre_2009_history,source_history_incomplete_before_2009,28,28,28,28,0,0,0,0,0,0,0,,,,0,0,28
2005,183,Syracuse,true,roster_present_no_identifiable_ol,2009,2010,false,censored_incomplete_pre_2009_history,source_history_incomplete_before_2009,35,35,35,35,0,0,0,0,0,0,0,,,,0,0,35
2005,189,Bowling Green,true,roster_present_no_identifiable_ol,2009,2010,false,censored_incomplete_pre_2009_history,source_history_incomplete_before_2009,24,24,24,24,0,0,0,0,0,0,0,,,,0,0,24
2005,193,Miami (OH),true,roster_present_no_identifiable_ol,2009,2010,false,censored_incomplete_pre_2009_history,source_history_incomplete_before_2009,33,33,33,33,0,0,0,0,0,0,0,,,,0,0,33
2005,194,Ohio State,true,roster_present_no_identifiable_ol,2009,2010,false,censored_incomplete_pre_2009_history,source_history_incomplete_before_2009,30,30,30,30,0,0,0,0,0,0,0,,,,0,0,30
2005,195,Ohio,true,roster_present_no_identifiable_ol,2009,2010,false,censored_incomplete_pre_2009_history,source_history_incomplete_before_2009,34,34,34,34,1,1,0,0,0,0,0,,,,0,0,33
2005,197,Oklahoma State,true,roster_present_no_identifiable_ol,2009,2010,false,censored_incomplete_pre_2009_history,source_history_incomplete_before_2009,24,24,24,24,0,0,0,0,0,0,0,,,,0,0,24
2005,201,Oklahoma,true,roster_present_no_identifiable_ol,2009,2010,false,censored_incomplete_pre_2009_history,source_history_incomplete_before_2009,27,27,27,27,0,0,0,0,0,0,0,,,,0,0,27
2005,202,Tulsa,true,roster_present_no_identifiable_ol,2009,2010,false,censored_incomplete_pre_2009_history,source_history_incomplete_before_2009,33,33,33,33,1,1,0,0,0,0,0,,,,0,0,32
2005,204,Oregon State,true,roster_present_no_identifiable_ol,2009,2010,false,censored_incomplete_pre_2009_history,source_history_incomplete_before_2009,26,26,26,26,0,0,0,0,0,0,0,,,,0,0,26
2005,213,Penn State,true,roster_present_no_identifiable_ol,2009,2010,false,censored_incomplete_pre_2009_history,source_history_incomplete_before_2009,31,31,31,31,0,0,0,0,0,0,0,,,,0,0,31
2005,218,Temple,true,roster_present_no_identifiable_ol,2009,2010,false,censored_incomplete_pre_2009_history,source_history_incomplete_before_2009,33,33,33,33,0,0,0,0,0,0,0,,,,0,0,33
2005,221,Pittsburgh,true,roster_present_no_identifiable_ol,2009,2010,false,censored_incomplete_pre_2009_history,source_history_incomplete_before_2009,30,30,30,30,2,2,0,0,0,0,0,,,,0,0,28
2005,228,Clemson,true,roster_present_no_identifiable_ol,2009,2010,false,censored_incomplete_pre_2009_history,source_history_incomplete_before_2009,30,30,30,30,1,1,0,0,0,0,0,,,,0,0,29
2005,235,Memphis,true,roster_present_no_identifiable_ol,2009,2010,false,censored_incomplete_pre_2009_history,source_history_incomplete_before_2009,28,28,28,28,1,1,0,0,0,0,0,,,,0,0,27
2005,238,Vanderbilt,true,roster_present_no_identifiable_ol,2009,2010,false,censored_incomplete_pre_2009_history,source_history_incomplete_before_2009,21,21,21,21,0,0,0,0,0,0,0,,,,0,0,21
2005,239,Baylor,true,roster_present_no_identifiable_ol,2009,2010,false,censored_incomplete_pre_2009_history,source_history_incomplete_before_2009,31,31,31,31,1,1,0,0,0,0,0,,,,0,0,30
2005,242,Rice,true,roster_present_no_identifiable_ol,2009,2010,false,censored_incomplete_pre_2009_history,source_history_incomplete_before_2009,25,25,25,25,1,1,0,0,0,0,0,,,,0,0,24
2005,245,Texas A&M,true,roster_present_no_identifiable_ol,2009,2010,false,censored_incomplete_pre_2009_history,source_history_incomplete_before_2009,33,33,33,33,1,1,0,0,0,0,0,,,,0,0,32
2005,248,Houston,true,roster_present_no_identifiable_ol,2009,2010,false,censored_incomplete_pre_2009_history,source_history_incomplete_before_2009,33,33,33,33,1,1,0,0,0,0,0,,,,0,0,32
2005,249,North Texas,true,roster_present_no_identifiable_ol,2009,2010,false,censored_incomplete_pre_2009_history,source_history_incomplete_before_2009,20,20,20,20,0,0,0,0,0,0,0,,,,0,0,20
2005,251,Texas,true,roster_present_no_identifiable_ol,2009,2010,false,censored_incomplete_pre_2009_history,source_history_incomplete_before_2009,37,37,37,37,0,0,0,0,0,0,0,,,,0,0,37
2005,252,BYU,true,roster_present_no_identifiable_ol,2009,2010,false,censored_incomplete_pre_2009_history,source_history_incomplete_before_2009,33,33,33,33,2,2,0,0,0,0,0,,,,0,0,31
2005,254,Utah,true,roster_present_no_identifiable_ol,2009,2010,false,censored_incomplete_pre_2009_history,source_history_incomplete_before_2009,27,27,27,27,0,0,0,0,0,0,0,,,,0,0,27
2005,258,Virginia,true,roster_present_no_identifiable_ol,2009,2010,false,censored_incomplete_pre_2009_history,source_history_incomplete_before_2009,30,30,30,30,1,1,0,0,0,0,0,,,,0,0,29
2005,259,Virginia Tech,true,roster_present_no_identifiable_ol,2009,2010,false,censored_incomplete_pre_2009_history,source_history_incomplete_before_2009,30,30,30,30,0,0,0,0,0,0,0,,,,0,0,30
2005,264,Washington,true,roster_present_no_identifiable_ol,2009,2010,false,censored_incomplete_pre_2009_history,source_history_incomplete_before_2009,34,34,34,34,0,0,0,0,0,0,0,,,,0,0,34
2005,265,Washington State,true,roster_present_no_identifiable_ol,2009,2010,false,censored_incomplete_pre_2009_history,source_history_incomplete_before_2009,30,30,30,30,0,0,0,0,0,0,0,,,,0,0,30
2005,275,Wisconsin,true,roster_present_no_identifiable_ol,2009,2010,false,censored_incomplete_pre_2009_history,source_history_incomplete_before_2009,32,32,32,32,0,0,0,0,0,0,0,,,,0,0,32
2005,276,Marshall,true,roster_present_no_identifiable_ol,2009,2010,false,censored_incomplete_pre_2009_history,source_history_incomplete_before_2009,32,32,32,32,1,1,0,0,0,0,0,,,,0,0,31
2005,277,West Virginia,true,roster_present_no_identifiable_ol,2009,2010,false,censored_incomplete_pre_2009_history,source_history_incomplete_before_2009,33,33,33,33,1,1,0,0,0,0,0,,,,0,0,32
2005,278,Fresno State,true,roster_present_no_identifiable_ol,2009,2010,false,censored_incomplete_pre_2009_history,source_history_incomplete_before_2009,30,30,30,30,0,0,0,0,0,0,0,,,,0,0,30
2005,309,Louisiana,true,roster_present_no_identifiable_ol,2009,2010,false,censored_incomplete_pre_2009_history,source_history_incomplete_before_2009,28,28,28,28,0,0,0,0,0,0,0,,,,0,0,28
2005,328,Utah State,true,roster_present_no_identifiable_ol,2009,2010,false,censored_incomplete_pre_2009_history,source_history_incomplete_before_2009,22,22,22,22,0,0,0,0,0,0,0,,,,0,0,22
2005,333,Alabama,true,roster_present_no_identifiable_ol,2009,2010,false,censored_incomplete_pre_2009_history,source_history_incomplete_before_2009,31,31,31,31,0,0,0,0,0,0,0,,,,0,0,31
2005,344,Mississippi State,true,roster_present_no_identifiable_ol,2009,2010,false,censored_incomplete_pre_2009_history,source_history_incomplete_before_2009,32,32,32,32,0,0,0,0,0,0,0,,,,0,0,32
2005,349,Army,true,roster_present_no_identifiable_ol,2009,2010,false,censored_incomplete_pre_2009_history,source_history_incomplete_before_2009,27,27,27,27,0,0,0,0,0,0,0,,,,0,0,27
2005,356,Illinois,true,roster_present_no_identifiable_ol,2009,2010,false,censored_incomplete_pre_2009_history,source_history_incomplete_before_2009,23,23,23,23,0,0,0,0,0,0,0,,,,0,0,23
2005,2005,Air Force,true,roster_present_no_identifiable_ol,2009,2010,false,censored_incomplete_pre_2009_history,source_history_incomplete_before_2009,26,26,26,26,1,1,0,0,0,0,0,,,,0,0,26
2005,2006,Akron,true,roster_present_no_identifiable_ol,2009,2010,false,censored_incomplete_pre_2009_history,source_history_incomplete_before_2009,23,23,23,23,2,2,0,0,0,0,0,,,,0,0,21
2005,2032,Arkansas State,true,roster_present_no_identifiable_ol,2009,2010,false,censored_incomplete_pre_2009_history,source_history_incomplete_before_2009,26,26,26,26,0,0,0,0,0,0,0,,,,0,0,26
2005,2050,Ball State,true,roster_present_no_identifiable_ol,2009,2010,false,censored_incomplete_pre_2009_history,source_history_incomplete_before_2009,28,28,28,28,0,0,0,0,0,0,0,,,,0,0,28
2005,2084,Buffalo,true,roster_present_no_identifiable_ol,2009,2010,false,censored_incomplete_pre_2009_history,source_history_incomplete_before_2009,31,31,31,31,1,1,0,0,0,0,0,,,,0,0,30
2005,2116,UCF,true,roster_present_no_identifiable_ol,2009,2010,false,censored_incomplete_pre_2009_history,source_history_incomplete_before_2009,30,30,30,30,2,2,0,0,0,0,0,,,,0,0,28
2005,2117,Central Michigan,true,roster_present_no_identifiable_ol,2009,2010,false,censored_incomplete_pre_2009_history,source_history_incomplete_before_2009,24,24,24,24,0,0,0,0,0,0,0,,,,0,0,24
2005,2132,Cincinnati,true,roster_present_no_identifiable_ol,2009,2010,false,censored_incomplete_pre_2009_history,source_history_incomplete_before_2009,25,25,25,25,0,0,0,0,0,0,0,,,,0,0,25
2005,2199,Eastern Michigan,true,roster_present_no_identifiable_ol,2009,2010,false,censored_incomplete_pre_2009_history,source_history_incomplete_before_2009,22,22,22,22,1,1,0,0,0,0,0,,,,0,0,21
2005,2226,Florida Atlantic,true,roster_present_no_identifiable_ol,2009,2010,false,censored_incomplete_pre_2009_history,source_history_incomplete_before_2009,28,28,28,28,2,2,0,0,0,0,0,,,,0,0,26
2005,2229,Florida International,true,roster_present_no_identifiable_ol,2009,2010,false,censored_incomplete_pre_2009_history,source_history_incomplete_before_2009,26,26,26,26,0,0,0,0,0,0,0,,,,0,0,26
2005,2294,Iowa,true,roster_present_no_identifiable_ol,2009,2010,false,censored_incomplete_pre_2009_history,source_history_incomplete_before_2009,36,36,36,36,1,1,0,0,0,0,0,,,,0,0,35
2005,2305,Kansas,true,roster_present_no_identifiable_ol,2009,2010,false,censored_incomplete_pre_2009_history,source_history_incomplete_before_2009,27,27,27,27,0,0,0,0,0,0,0,,,,0,0,27
2005,2306,Kansas State,true,roster_present_no_identifiable_ol,2009,2010,false,censored_incomplete_pre_2009_history,source_history_incomplete_before_2009,33,33,33,33,0,0,0,0,0,0,0,,,,0,0,33
2005,2309,Kent State,true,roster_present_no_identifiable_ol,2009,2010,false,censored_incomplete_pre_2009_history,source_history_incomplete_before_2009,28,28,28,28,3,3,0,0,0,0,0,,,,0,0,25
2005,2348,Louisiana Tech,true,roster_present_no_identifiable_ol,2009,2010,false,censored_incomplete_pre_2009_history,source_history_incomplete_before_2009,32,32,32,32,0,0,0,0,0,0,0,,,,0,0,32
2005,2390,Miami,true,roster_present_no_identifiable_ol,2009,2010,false,censored_incomplete_pre_2009_history,source_history_incomplete_before_2009,30,30,30,30,1,1,0,0,0,0,0,,,,0,0,29
2005,2393,Middle Tennessee,true,roster_present_no_identifiable_ol,2009,2010,false,censored_incomplete_pre_2009_history,source_history_incomplete_before_2009,34,34,34,34,2,2,0,0,0,0,0,,,,0,0,32
2005,2426,Navy,true,roster_present_no_identifiable_ol,2009,2010,false,censored_incomplete_pre_2009_history,source_history_incomplete_before_2009,32,32,32,32,0,0,0,0,0,0,0,,,,0,0,32
2005,2433,UL Monroe,true,roster_present_no_identifiable_ol,2009,2010,false,censored_incomplete_pre_2009_history,source_history_incomplete_before_2009,29,29,29,29,2,2,0,0,0,0,0,,,,0,0,27
2005,2439,UNLV,true,roster_present_no_identifiable_ol,2009,2010,false,censored_incomplete_pre_2009_history,source_history_incomplete_before_2009,21,21,21,21,1,1,0,0,0,0,0,,,,0,0,20
2005,2440,Nevada,true,roster_present_no_identifiable_ol,2009,2010,false,censored_incomplete_pre_2009_history,source_history_incomplete_before_2009,25,25,25,25,0,0,0,0,0,0,0,,,,0,0,25
2005,2459,Northern Illinois,true,roster_present_no_identifiable_ol,2009,2010,false,censored_incomplete_pre_2009_history,source_history_incomplete_before_2009,29,29,29,29,1,1,0,0,0,0,0,,,,0,0,28
2005,2483,Oregon,true,roster_present_no_identifiable_ol,2009,2010,false,censored_incomplete_pre_2009_history,source_history_incomplete_before_2009,37,37,37,37,0,0,0,0,0,0,0,,,,0,0,37
2005,2509,Purdue,true,roster_present_no_identifiable_ol,2009,2010,false,censored_incomplete_pre_2009_history,source_history_incomplete_before_2009,30,30,30,30,1,1,0,0,0,0,0,,,,0,0,29
2005,2567,SMU,true,roster_present_no_identifiable_ol,2009,2010,false,censored_incomplete_pre_2009_history,source_history_incomplete_before_2009,26,26,26,26,0,0,0,0,0,0,0,,,,0,0,26
2005,2572,Southern Miss,true,roster_present_no_identifiable_ol,2009,2010,false,censored_incomplete_pre_2009_history,source_history_incomplete_before_2009,32,32,32,32,0,0,0,0,0,0,0,,,,0,0,32
2005,2579,South Carolina,true,roster_present_no_identifiable_ol,2009,2010,false,censored_incomplete_pre_2009_history,source_history_incomplete_before_2009,32,32,32,32,0,0,0,0,0,0,0,,,,0,0,32
2005,2628,TCU,true,roster_present_no_identifiable_ol,2009,2010,false,censored_incomplete_pre_2009_history,source_history_incomplete_before_2009,37,37,37,37,0,0,0,0,0,0,0,,,,0,0,37
2005,2633,Tennessee,true,roster_present_no_identifiable_ol,2009,2010,false,censored_incomplete_pre_2009_history,source_history_incomplete_before_2009,26,26,26,26,2,2,0,0,0,0,0,,,,0,0,24
2005,2638,UTEP,true,roster_present_no_identifiable_ol,2009,2010,false,censored_incomplete_pre_2009_history,source_history_incomplete_before_2009,33,33,33,33,0,0,0,0,0,0,0,,,,0,0,33
2005,2641,Texas Tech,true,roster_present_no_identifiable_ol,2009,2010,false,censored_incomplete_pre_2009_history,source_history_incomplete_before_2009,31,31,31,31,1,1,0,0,0,0,0,,,,0,0,30
2005,2649,Toledo,true,roster_present_no_identifiable_ol,2009,2010,false,censored_incomplete_pre_2009_history,source_history_incomplete_before_2009,27,27,27,27,0,0,0,0,0,0,0,,,,0,0,27
2005,2653,Troy,true,roster_present_no_identifiable_ol,2009,2010,false,censored_incomplete_pre_2009_history,source_history_incomplete_before_2009,25,25,25,25,0,0,0,0,0,0,0,,,,0,0,25
2005,2655,Tulane,true,roster_present_no_identifiable_ol,2009,2010,false,censored_incomplete_pre_2009_history,source_history_incomplete_before_2009,31,31,31,31,0,0,0,0,0,0,0,,,,0,0,31
2005,2711,Western Michigan,true,roster_present_no_identifiable_ol,2009,2010,false,censored_incomplete_pre_2009_history,source_history_incomplete_before_2009,30,30,30,30,3,3,0,0,0,0,0,,,,0,0,27
2005,2751,Wyoming,true,roster_present_no_identifiable_ol,2009,2010,false,censored_incomplete_pre_2009_history,source_history_incomplete_before_2009,31,31,31,31,0,0,0,0,0,0,0,,,,0,0,31
2006,2,Auburn,true,roster_present_no_identifiable_ol,2009,2010,false,censored_incomplete_pre_2009_history,source_history_incomplete_before_2009,30,30,30,30,5,5,0,0,0,0,0,,,,0,0,25
2006,5,UAB,true,roster_present_no_identifiable_ol,2009,2010,false,censored_incomplete_pre_2009_history,source_history_incomplete_before_2009,32,32,32,32,4,4,0,0,0,0,0,,,,0,0,28
2006,8,Arkansas,true,roster_present_with_identifiable_ol,2009,2010,false,censored_incomplete_pre_2009_history,source_history_incomplete_before_2009,35,35,35,35,9,9,0,0,1,1,0,,,,1,0,27
2006,9,Arizona State,true,roster_present_no_identifiable_ol,2009,2010,false,censored_incomplete_pre_2009_history,source_history_incomplete_before_2009,33,33,33,33,7,7,0,0,0,0,0,,,,0,0,26
2006,12,Arizona,true,roster_present_no_identifiable_ol,2009,2010,false,censored_incomplete_pre_2009_history,source_history_incomplete_before_2009,27,27,27,27,5,5,0,0,0,0,0,,,,0,0,22
2006,21,San Diego State,true,roster_present_no_identifiable_ol,2009,2010,false,censored_incomplete_pre_2009_history,source_history_incomplete_before_2009,27,27,27,27,6,6,0,0,0,0,0,,,,0,0,21
2006,23,San José State,true,roster_present_no_identifiable_ol,2009,2010,false,censored_incomplete_pre_2009_history,source_history_incomplete_before_2009,28,28,28,28,5,5,0,0,0,0,0,,,,0,0,23
2006,24,Stanford,true,roster_present_no_identifiable_ol,2009,2010,false,censored_incomplete_pre_2009_history,source_history_incomplete_before_2009,29,29,29,29,8,8,0,0,0,0,0,,,,0,0,22
2006,25,California,true,roster_present_no_identifiable_ol,2009,2010,false,censored_incomplete_pre_2009_history,source_history_incomplete_before_2009,34,34,34,34,2,2,0,0,0,0,0,,,,0,0,32
2006,26,UCLA,true,roster_present_no_identifiable_ol,2009,2010,false,censored_incomplete_pre_2009_history,source_history_incomplete_before_2009,33,33,33,33,7,7,0,0,0,0,0,,,,0,0,26
2006,30,USC,true,roster_present_no_identifiable_ol,2009,2010,false,censored_incomplete_pre_2009_history,source_history_incomplete_before_2009,37,37,37,37,9,9,0,0,0,0,0,,,,0,0,31
2006,36,Colorado State,true,roster_present_no_identifiable_ol,2009,2010,false,censored_incomplete_pre_2009_history,source_history_incomplete_before_2009,26,26,26,26,3,3,0,0,0,0,0,,,,0,0,23
2006,38,Colorado,true,roster_present_no_identifiable_ol,2009,2010,false,censored_incomplete_pre_2009_history,source_history_incomplete_before_2009,32,32,32,32,5,5,0,0,0,0,0,,,,0,0,27
2006,41,UConn,true,roster_present_no_identifiable_ol,2009,2010,false,censored_incomplete_pre_2009_history,source_history_incomplete_before_2009,28,28,28,28,2,2,0,0,0,0,0,,,,0,0,26
2006,52,Florida State,true,roster_present_no_identifiable_ol,2009,2010,false,censored_incomplete_pre_2009_history,source_history_incomplete_before_2009,35,35,35,35,7,7,0,0,0,0,0,,,,0,0,28
2006,57,Florida,true,roster_present_no_identifiable_ol,2009,2010,false,censored_incomplete_pre_2009_history,source_history_incomplete_before_2009,30,30,30,30,6,6,0,0,0,0,0,,,,0,0,25
2006,58,South Florida,true,roster_present_no_identifiable_ol,2009,2010,false,censored_incomplete_pre_2009_history,source_history_incomplete_before_2009,36,36,36,36,9,9,0,0,0,0,0,,,,0,0,27
2006,59,Georgia Tech,true,roster_present_no_identifiable_ol,2009,2010,false,censored_incomplete_pre_2009_history,source_history_incomplete_before_2009,30,30,30,30,2,2,0,0,0,0,0,,,,0,0,28
2006,61,Georgia,true,roster_present_no_identifiable_ol,2009,2010,false,censored_incomplete_pre_2009_history,source_history_incomplete_before_2009,37,37,37,37,5,5,0,0,0,0,0,,,,0,0,34
2006,62,Hawai'i,true,roster_present_no_identifiable_ol,2009,2010,false,censored_incomplete_pre_2009_history,source_history_incomplete_before_2009,30,30,30,30,4,4,0,0,0,0,0,,,,0,0,26
2006,66,Iowa State,true,roster_present_no_identifiable_ol,2009,2010,false,censored_incomplete_pre_2009_history,source_history_incomplete_before_2009,23,23,23,23,2,2,0,0,0,0,0,,,,0,0,21
2006,68,Boise State,true,roster_present_no_identifiable_ol,2009,2010,false,censored_incomplete_pre_2009_history,source_history_incomplete_before_2009,34,34,34,34,2,2,0,0,0,0,0,,,,0,0,32
2006,70,Idaho,true,roster_present_no_identifiable_ol,2009,2010,false,censored_incomplete_pre_2009_history,source_history_incomplete_before_2009,29,29,29,29,0,0,0,0,0,0,0,,,,0,0,29
2006,77,Northwestern,true,roster_present_no_identifiable_ol,2009,2010,false,censored_incomplete_pre_2009_history,source_history_incomplete_before_2009,28,28,28,28,5,5,0,0,0,0,0,,,,0,0,23
2006,84,Indiana,true,roster_present_no_identifiable_ol,2009,2010,false,censored_incomplete_pre_2009_history,source_history_incomplete_before_2009,27,27,27,27,6,6,0,0,0,0,0,,,,0,0,21
2006,87,Notre Dame,true,roster_present_no_identifiable_ol,2009,2010,false,censored_incomplete_pre_2009_history,source_history_incomplete_before_2009,26,26,26,26,4,4,0,0,0,0,0,,,,0,0,22
2006,96,Kentucky,true,roster_present_no_identifiable_ol,2009,2010,false,censored_incomplete_pre_2009_history,source_history_incomplete_before_2009,32,32,32,32,6,6,0,0,0,0,0,,,,0,0,27
2006,97,Louisville,true,roster_present_no_identifiable_ol,2009,2010,false,censored_incomplete_pre_2009_history,source_history_incomplete_before_2009,31,31,31,31,3,3,0,0,0,0,0,,,,0,0,28
2006,99,LSU,true,roster_present_no_identifiable_ol,2009,2010,false,censored_incomplete_pre_2009_history,source_history_incomplete_before_2009,32,32,32,32,7,7,0,0,0,0,0,,,,0,0,25
2006,103,Boston College,true,roster_present_no_identifiable_ol,2009,2010,false,censored_incomplete_pre_2009_history,source_history_incomplete_before_2009,30,30,30,30,5,5,0,0,0,0,0,,,,0,0,25
2006,120,Maryland,true,roster_present_no_identifiable_ol,2009,2010,false,censored_incomplete_pre_2009_history,source_history_incomplete_before_2009,22,22,22,22,1,1,0,0,0,0,0,,,,0,0,21
2006,127,Michigan State,true,roster_present_no_identifiable_ol,2009,2010,false,censored_incomplete_pre_2009_history,source_history_incomplete_before_2009,31,31,31,31,4,4,0,0,0,0,0,,,,0,0,27
2006,130,Michigan,true,roster_present_no_identifiable_ol,2009,2010,false,censored_incomplete_pre_2009_history,source_history_incomplete_before_2009,36,36,36,36,7,7,0,0,0,0,0,,,,0,0,29
2006,135,Minnesota,true,roster_present_no_identifiable_ol,2009,2010,false,censored_incomplete_pre_2009_history,source_history_incomplete_before_2009,29,29,29,29,2,2,0,0,0,0,0,,,,0,0,27
2006,142,Missouri,true,roster_present_no_identifiable_ol,2009,2010,false,censored_incomplete_pre_2009_history,source_history_incomplete_before_2009,28,28,28,28,4,4,0,0,0,0,0,,,,0,0,24
2006,145,Ole Miss,true,roster_present_no_identifiable_ol,2009,2010,false,censored_incomplete_pre_2009_history,source_history_incomplete_before_2009,23,23,23,23,7,7,0,0,0,0,0,,,,0,0,16
2006,150,Duke,true,roster_present_no_identifiable_ol,2009,2010,false,censored_incomplete_pre_2009_history,source_history_incomplete_before_2009,26,26,26,26,5,5,0,0,0,0,0,,,,0,0,21
2006,151,East Carolina,true,roster_present_no_identifiable_ol,2009,2010,false,censored_incomplete_pre_2009_history,source_history_incomplete_before_2009,30,30,30,30,4,4,0,0,0,0,0,,,,0,0,26
2006,152,NC State,true,roster_present_no_identifiable_ol,2009,2010,false,censored_incomplete_pre_2009_history,source_history_incomplete_before_2009,20,20,20,20,6,6,0,0,0,0,0,,,,0,0,16
2006,153,North Carolina,true,roster_present_no_identifiable_ol,2009,2010,false,censored_incomplete_pre_2009_history,source_history_incomplete_before_2009,25,25,25,25,1,1,0,0,0,0,0,,,,0,0,24
2006,154,Wake Forest,true,roster_present_no_identifiable_ol,2009,2010,false,censored_incomplete_pre_2009_history,source_history_incomplete_before_2009,29,29,29,29,5,5,0,0,0,0,0,,,,0,0,24
2006,158,Nebraska,true,roster_present_no_identifiable_ol,2009,2010,false,censored_incomplete_pre_2009_history,source_history_incomplete_before_2009,34,34,34,34,4,4,0,0,0,0,0,,,,0,0,30
2006,164,Rutgers,true,roster_present_no_identifiable_ol,2009,2010,false,censored_incomplete_pre_2009_history,source_history_incomplete_before_2009,29,29,29,29,4,4,0,0,0,0,0,,,,0,0,25
2006,166,New Mexico State,true,roster_present_no_identifiable_ol,2009,2010,false,censored_incomplete_pre_2009_history,source_history_incomplete_before_2009,31,31,31,31,4,4,0,0,0,0,0,,,,0,0,27
2006,167,New Mexico,true,roster_present_no_identifiable_ol,2009,2010,false,censored_incomplete_pre_2009_history,source_history_incomplete_before_2009,27,27,27,27,4,4,0,0,0,0,0,,,,0,0,23
2006,183,Syracuse,true,roster_present_no_identifiable_ol,2009,2010,false,censored_incomplete_pre_2009_history,source_history_incomplete_before_2009,30,30,30,30,5,5,0,0,0,0,0,,,,0,0,25
2006,189,Bowling Green,true,roster_present_no_identifiable_ol,2009,2010,false,censored_incomplete_pre_2009_history,source_history_incomplete_before_2009,23,23,23,23,6,6,0,0,0,0,0,,,,0,0,17
2006,193,Miami (OH),true,roster_present_no_identifiable_ol,2009,2010,false,censored_incomplete_pre_2009_history,source_history_incomplete_before_2009,28,28,28,28,6,6,0,0,0,0,0,,,,0,0,22
2006,194,Ohio State,true,roster_present_no_identifiable_ol,2009,2010,false,censored_incomplete_pre_2009_history,source_history_incomplete_before_2009,33,33,33,33,6,6,0,0,0,0,0,,,,0,0,27
2006,195,Ohio,true,roster_present_no_identifiable_ol,2009,2010,false,censored_incomplete_pre_2009_history,source_history_incomplete_before_2009,31,31,31,31,4,4,0,0,0,0,0,,,,0,0,27
2006,197,Oklahoma State,true,roster_present_no_identifiable_ol,2009,2010,false,censored_incomplete_pre_2009_history,source_history_incomplete_before_2009,30,30,30,30,5,5,0,0,0,0,0,,,,0,0,25
2006,201,Oklahoma,true,roster_present_no_identifiable_ol,2009,2010,false,censored_incomplete_pre_2009_history,source_history_incomplete_before_2009,31,31,31,31,4,4,0,0,0,0,0,,,,0,0,27
2006,202,Tulsa,true,roster_present_no_identifiable_ol,2009,2010,false,censored_incomplete_pre_2009_history,source_history_incomplete_before_2009,30,30,30,30,4,4,0,0,0,0,0,,,,0,0,26
2006,204,Oregon State,true,roster_present_no_identifiable_ol,2009,2010,false,censored_incomplete_pre_2009_history,source_history_incomplete_before_2009,31,31,31,31,3,3,0,0,0,0,0,,,,0,0,28
2006,213,Penn State,true,roster_present_no_identifiable_ol,2009,2010,false,censored_incomplete_pre_2009_history,source_history_incomplete_before_2009,35,35,35,35,4,4,0,0,0,0,0,,,,0,0,31
2006,218,Temple,true,roster_present_with_identifiable_ol,2009,2010,false,censored_incomplete_pre_2009_history,source_history_incomplete_before_2009,27,27,27,27,9,9,0,0,1,1,0,,,,1,0,18
2006,221,Pittsburgh,true,roster_present_no_identifiable_ol,2009,2010,false,censored_incomplete_pre_2009_history,source_history_incomplete_before_2009,32,32,32,32,6,6,0,0,0,0,0,,,,0,0,26
2006,228,Clemson,true,roster_present_no_identifiable_ol,2009,2010,false,censored_incomplete_pre_2009_history,source_history_incomplete_before_2009,28,28,28,28,6,6,0,0,0,0,0,,,,0,0,22
2006,235,Memphis,true,roster_present_no_identifiable_ol,2009,2010,false,censored_incomplete_pre_2009_history,source_history_incomplete_before_2009,26,26,26,26,4,4,0,0,0,0,0,,,,0,0,22
2006,238,Vanderbilt,true,roster_present_no_identifiable_ol,2009,2010,false,censored_incomplete_pre_2009_history,source_history_incomplete_before_2009,30,30,30,30,7,7,0,0,0,0,0,,,,0,0,24
2006,239,Baylor,true,roster_present_no_identifiable_ol,2009,2010,false,censored_incomplete_pre_2009_history,source_history_incomplete_before_2009,32,32,32,32,7,7,0,0,0,0,0,,,,0,0,26
2006,242,Rice,true,roster_present_no_identifiable_ol,2009,2010,false,censored_incomplete_pre_2009_history,source_history_incomplete_before_2009,29,29,29,29,8,8,0,0,0,0,0,,,,0,0,21
2006,245,Texas A&M,true,roster_present_no_identifiable_ol,2009,2010,false,censored_incomplete_pre_2009_history,source_history_incomplete_before_2009,36,36,36,36,4,4,0,0,0,0,0,,,,0,0,32
2006,248,Houston,true,roster_present_no_identifiable_ol,2009,2010,false,censored_incomplete_pre_2009_history,source_history_incomplete_before_2009,30,30,30,30,3,3,0,0,0,0,0,,,,0,0,27
2006,249,North Texas,true,roster_present_no_identifiable_ol,2009,2010,false,censored_incomplete_pre_2009_history,source_history_incomplete_before_2009,30,30,30,30,3,3,0,0,0,0,0,,,,0,0,27
2006,251,Texas,true,roster_present_no_identifiable_ol,2009,2010,false,censored_incomplete_pre_2009_history,source_history_incomplete_before_2009,31,31,31,31,5,5,0,0,0,0,0,,,,0,0,26
2006,252,BYU,true,roster_present_no_identifiable_ol,2009,2010,false,censored_incomplete_pre_2009_history,source_history_incomplete_before_2009,36,36,36,36,5,5,0,0,0,0,0,,,,0,0,31
2006,254,Utah,true,roster_present_no_identifiable_ol,2009,2010,false,censored_incomplete_pre_2009_history,source_history_incomplete_before_2009,27,27,27,27,2,2,0,0,0,0,0,,,,0,0,25
2006,258,Virginia,true,roster_present_no_identifiable_ol,2009,2010,false,censored_incomplete_pre_2009_history,source_history_incomplete_before_2009,30,30,30,30,4,4,0,0,0,0,0,,,,0,0,27
2006,259,Virginia Tech,true,roster_present_no_identifiable_ol,2009,2010,false,censored_incomplete_pre_2009_history,source_history_incomplete_before_2009,33,33,33,33,4,4,0,0,0,0,0,,,,0,0,30
2006,264,Washington,true,roster_present_no_identifiable_ol,2009,2010,false,censored_incomplete_pre_2009_history,source_history_incomplete_before_2009,27,27,27,27,0,0,0,0,0,0,0,,,,0,0,27
2006,265,Washington State,true,roster_present_no_identifiable_ol,2009,2010,false,censored_incomplete_pre_2009_history,source_history_incomplete_before_2009,28,28,28,28,1,1,0,0,0,0,0,,,,0,0,27
2006,275,Wisconsin,true,roster_present_no_identifiable_ol,2009,2010,false,censored_incomplete_pre_2009_history,source_history_incomplete_before_2009,30,30,30,30,4,4,0,0,0,0,0,,,,0,0,26
2006,276,Marshall,true,roster_present_no_identifiable_ol,2009,2010,false,censored_incomplete_pre_2009_history,source_history_incomplete_before_2009,29,29,29,29,3,3,0,0,0,0,0,,,,0,0,26
2006,277,West Virginia,true,roster_present_no_identifiable_ol,2009,2010,false,censored_incomplete_pre_2009_history,source_history_incomplete_before_2009,33,33,33,33,8,8,0,0,0,0,0,,,,0,0,25
2006,278,Fresno State,true,roster_present_no_identifiable_ol,2009,2010,false,censored_incomplete_pre_2009_history,source_history_incomplete_before_2009,28,28,28,28,7,7,0,0,0,0,0,,,,0,0,21
2006,309,Louisiana,true,roster_present_no_identifiable_ol,2009,2010,false,censored_incomplete_pre_2009_history,source_history_incomplete_before_2009,30,30,30,30,4,4,0,0,0,0,0,,,,0,0,28
2006,328,Utah State,true,roster_present_no_identifiable_ol,2009,2010,false,censored_incomplete_pre_2009_history,source_history_incomplete_before_2009,30,30,30,30,4,4,0,0,0,0,0,,,,0,0,26
2006,333,Alabama,true,roster_present_no_identifiable_ol,2009,2010,false,censored_incomplete_pre_2009_history,source_history_incomplete_before_2009,30,30,30,30,7,7,0,0,0,0,0,,,,0,0,23
2006,344,Mississippi State,true,roster_present_no_identifiable_ol,2009,2010,false,censored_incomplete_pre_2009_history,source_history_incomplete_before_2009,31,31,31,31,1,1,0,0,0,0,0,,,,0,0,30
2006,349,Army,true,roster_present_no_identifiable_ol,2009,2010,false,censored_incomplete_pre_2009_history,source_history_incomplete_before_2009,32,32,32,32,2,2,0,0,0,0,0,,,,0,0,30
2006,356,Illinois,true,roster_present_no_identifiable_ol,2009,2010,false,censored_incomplete_pre_2009_history,source_history_incomplete_before_2009,27,27,27,27,4,4,0,0,0,0,0,,,,0,0,23
2006,2005,Air Force,true,roster_present_no_identifiable_ol,2009,2010,false,censored_incomplete_pre_2009_history,source_history_incomplete_before_2009,31,31,31,31,2,2,0,0,0,0,0,,,,0,0,30
2006,2006,Akron,true,roster_present_no_identifiable_ol,2009,2010,false,censored_incomplete_pre_2009_history,source_history_incomplete_before_2009,23,23,23,23,5,5,0,0,0,0,0,,,,0,0,18
2006,2032,Arkansas State,true,roster_present_no_identifiable_ol,2009,2010,false,censored_incomplete_pre_2009_history,source_history_incomplete_before_2009,33,33,33,33,7,7,0,0,0,0,0,,,,0,0,26
2006,2050,Ball State,true,roster_present_no_identifiable_ol,2009,2010,false,censored_incomplete_pre_2009_history,source_history_incomplete_before_2009,28,28,28,28,3,3,0,0,0,0,0,,,,0,0,27
2006,2084,Buffalo,true,roster_present_no_identifiable_ol,2009,2010,false,censored_incomplete_pre_2009_history,source_history_incomplete_before_2009,31,31,31,31,8,8,0,0,0,0,0,,,,0,0,23
2006,2116,UCF,true,roster_present_with_identifiable_ol,2009,2010,false,censored_incomplete_pre_2009_history,source_history_incomplete_before_2009,28,28,28,28,7,7,0,0,1,1,0,,,,1,0,21
2006,2117,Central Michigan,true,roster_present_with_identifiable_ol,2009,2010,false,censored_incomplete_pre_2009_history,source_history_incomplete_before_2009,30,30,30,30,7,7,0,0,1,1,0,,,,1,0,23
2006,2132,Cincinnati,true,roster_present_no_identifiable_ol,2009,2010,false,censored_incomplete_pre_2009_history,source_history_incomplete_before_2009,31,31,31,31,3,3,0,0,0,0,0,,,,0,0,28
2006,2199,Eastern Michigan,true,roster_present_no_identifiable_ol,2009,2010,false,censored_incomplete_pre_2009_history,source_history_incomplete_before_2009,24,24,24,24,8,8,0,0,0,0,0,,,,0,0,16
2006,2226,Florida Atlantic,true,roster_present_no_identifiable_ol,2009,2010,false,censored_incomplete_pre_2009_history,source_history_incomplete_before_2009,34,34,34,34,11,11,0,0,0,0,0,,,,0,0,23
2006,2229,Florida International,true,roster_present_no_identifiable_ol,2009,2010,false,censored_incomplete_pre_2009_history,source_history_incomplete_before_2009,27,27,27,27,8,8,0,0,0,0,0,,,,0,0,19
2006,2294,Iowa,true,roster_present_no_identifiable_ol,2009,2010,false,censored_incomplete_pre_2009_history,source_history_incomplete_before_2009,31,31,31,31,2,2,0,0,0,0,0,,,,0,0,29
2006,2305,Kansas,true,roster_present_no_identifiable_ol,2009,2010,false,censored_incomplete_pre_2009_history,source_history_incomplete_before_2009,23,23,23,23,5,5,0,0,0,0,0,,,,0,0,18
2006,2306,Kansas State,true,roster_present_no_identifiable_ol,2009,2010,false,censored_incomplete_pre_2009_history,source_history_incomplete_before_2009,31,31,31,31,2,2,0,0,0,0,0,,,,0,0,29
2006,2309,Kent State,true,roster_present_no_identifiable_ol,2009,2010,false,censored_incomplete_pre_2009_history,source_history_incomplete_before_2009,31,31,31,31,8,8,0,0,0,0,0,,,,0,0,23
2006,2348,Louisiana Tech,true,roster_present_no_identifiable_ol,2009,2010,false,censored_incomplete_pre_2009_history,source_history_incomplete_before_2009,30,30,30,30,4,4,0,0,0,0,0,,,,0,0,26
2006,2390,Miami,true,roster_present_no_identifiable_ol,2009,2010,false,censored_incomplete_pre_2009_history,source_history_incomplete_before_2009,35,35,35,35,6,6,0,0,0,0,0,,,,0,0,29
2006,2393,Middle Tennessee,true,roster_present_no_identifiable_ol,2009,2010,false,censored_incomplete_pre_2009_history,source_history_incomplete_before_2009,25,25,25,25,3,3,0,0,0,0,0,,,,0,0,22
2006,2426,Navy,true,roster_present_no_identifiable_ol,2009,2010,false,censored_incomplete_pre_2009_history,source_history_incomplete_before_2009,32,32,32,32,2,2,0,0,0,0,0,,,,0,0,31
2006,2433,UL Monroe,true,roster_present_with_identifiable_ol,2009,2010,false,censored_incomplete_pre_2009_history,source_history_incomplete_before_2009,25,25,25,25,8,8,0,0,1,1,0,,,,1,0,17
2006,2439,UNLV,true,roster_present_no_identifiable_ol,2009,2010,false,censored_incomplete_pre_2009_history,source_history_incomplete_before_2009,25,25,25,25,5,5,0,0,0,0,0,,,,0,0,20
2006,2440,Nevada,true,roster_present_no_identifiable_ol,2009,2010,false,censored_incomplete_pre_2009_history,source_history_incomplete_before_2009,35,35,35,35,4,4,0,0,0,0,0,,,,0,0,31
2006,2459,Northern Illinois,true,roster_present_no_identifiable_ol,2009,2010,false,censored_incomplete_pre_2009_history,source_history_incomplete_before_2009,26,26,26,26,5,5,0,0,0,0,0,,,,0,0,22
2006,2483,Oregon,true,roster_present_no_identifiable_ol,2009,2010,false,censored_incomplete_pre_2009_history,source_history_incomplete_before_2009,34,34,34,34,7,7,0,0,0,0,0,,,,0,0,28
2006,2509,Purdue,true,roster_present_no_identifiable_ol,2009,2010,false,censored_incomplete_pre_2009_history,source_history_incomplete_before_2009,32,32,32,32,6,6,0,0,0,0,0,,,,0,0,26
2006,2567,SMU,true,roster_present_no_identifiable_ol,2009,2010,false,censored_incomplete_pre_2009_history,source_history_incomplete_before_2009,26,26,26,26,3,3,0,0,0,0,0,,,,0,0,23
2006,2572,Southern Miss,true,roster_present_no_identifiable_ol,2009,2010,false,censored_incomplete_pre_2009_history,source_history_incomplete_before_2009,34,34,34,34,3,3,0,0,0,0,0,,,,0,0,31
2006,2579,South Carolina,true,roster_present_no_identifiable_ol,2009,2010,false,censored_incomplete_pre_2009_history,source_history_incomplete_before_2009,35,35,35,35,2,2,0,0,0,0,0,,,,0,0,33
2006,2628,TCU,true,roster_present_no_identifiable_ol,2009,2010,false,censored_incomplete_pre_2009_history,source_history_incomplete_before_2009,38,38,38,38,7,7,0,0,0,0,0,,,,0,0,34
2006,2633,Tennessee,true,roster_present_no_identifiable_ol,2009,2010,false,censored_incomplete_pre_2009_history,source_history_incomplete_before_2009,28,28,28,28,4,4,0,0,0,0,0,,,,0,0,24
2006,2638,UTEP,true,roster_present_no_identifiable_ol,2009,2010,false,censored_incomplete_pre_2009_history,source_history_incomplete_before_2009,28,28,28,28,8,8,0,0,0,0,0,,,,0,0,20
2006,2641,Texas Tech,true,roster_present_no_identifiable_ol,2009,2010,false,censored_incomplete_pre_2009_history,source_history_incomplete_before_2009,27,27,27,27,2,2,0,0,0,0,0,,,,0,0,25
2006,2649,Toledo,true,roster_present_no_identifiable_ol,2009,2010,false,censored_incomplete_pre_2009_history,source_history_incomplete_before_2009,23,23,23,23,5,5,0,0,0,0,0,,,,0,0,18
2006,2653,Troy,true,roster_present_no_identifiable_ol,2009,2010,false,censored_incomplete_pre_2009_history,source_history_incomplete_before_2009,33,33,33,33,9,9,0,0,0,0,0,,,,0,0,24
2006,2655,Tulane,true,roster_present_no_identifiable_ol,2009,2010,false,censored_incomplete_pre_2009_history,source_history_incomplete_before_2009,26,26,26,26,2,2,0,0,0,0,0,,,,0,0,24
2006,2711,Western Michigan,true,roster_present_no_identifiable_ol,2009,2010,false,censored_incomplete_pre_2009_history,source_history_incomplete_before_2009,32,32,32,32,7,7,0,0,0,0,0,,,,0,0,25
2006,2751,Wyoming,true,roster_present_no_identifiable_ol,2009,2010,false,censored_incomplete_pre_2009_history,source_history_incomplete_before_2009,29,29,29,29,6,6,0,0,0,0,0,,,,0,0,23
2007,2,Auburn,true,roster_present_no_identifiable_ol,2009,2010,false,censored_incomplete_pre_2009_history,source_history_incomplete_before_2009,32,32,32,32,11,11,0,0,0,0,0,,,,0,0,21
2007,5,UAB,true,roster_present_with_identifiable_ol,2009,2010,false,censored_incomplete_pre_2009_history,source_history_incomplete_before_2009,27,27,27,27,12,12,0,0,1,1,0,,,,1,0,15
2007,8,Arkansas,true,roster_present_no_identifiable_ol,2009,2010,false,censored_incomplete_pre_2009_history,source_history_incomplete_before_2009,31,31,31,31,11,11,0,0,0,0,0,,,,0,0,22
2007,9,Arizona State,true,roster_present_no_identifiable_ol,2009,2010,false,censored_incomplete_pre_2009_history,source_history_incomplete_before_2009,33,33,33,33,12,12,0,0,0,0,0,,,,0,0,21
2007,12,Arizona,true,roster_present_no_identifiable_ol,2009,2010,false,censored_incomplete_pre_2009_history,source_history_incomplete_before_2009,27,27,27,27,12,12,0,0,0,0,0,,,,0,0,15
2007,21,San Diego State,true,roster_present_no_identifiable_ol,2009,2010,false,censored_incomplete_pre_2009_history,source_history_incomplete_before_2009,30,30,30,30,13,13,0,0,0,0,0,,,,0,0,17
2007,23,San José State,true,roster_present_with_identifiable_ol,2009,2010,false,censored_incomplete_pre_2009_history,source_history_incomplete_before_2009,34,34,34,34,11,11,0,0,1,1,0,,,,1,0,23
2007,24,Stanford,true,roster_present_no_identifiable_ol,2009,2010,false,censored_incomplete_pre_2009_history,source_history_incomplete_before_2009,29,29,29,29,12,12,0,0,0,0,0,,,,0,0,18
2007,25,California,true,roster_present_no_identifiable_ol,2009,2010,false,censored_incomplete_pre_2009_history,source_history_incomplete_before_2009,27,27,27,27,6,6,0,0,0,0,0,,,,0,0,22
2007,26,UCLA,true,roster_present_no_identifiable_ol,2009,2010,false,censored_incomplete_pre_2009_history,source_history_incomplete_before_2009,31,31,31,31,12,12,0,0,0,0,0,,,,0,0,21
2007,30,USC,true,roster_present_no_identifiable_ol,2009,2010,false,censored_incomplete_pre_2009_history,source_history_incomplete_before_2009,35,35,35,35,13,13,0,0,0,0,0,,,,0,0,26
2007,36,Colorado State,true,roster_present_with_identifiable_ol,2009,2010,false,censored_incomplete_pre_2009_history,source_history_incomplete_before_2009,30,30,30,30,8,8,0,0,1,1,0,,,,1,0,22
2007,38,Colorado,true,roster_present_with_identifiable_ol,2009,2010,false,censored_incomplete_pre_2009_history,source_history_incomplete_before_2009,40,40,40,40,16,16,0,0,1,1,0,,,,1,0,27
2007,41,UConn,true,roster_present_no_identifiable_ol,2009,2010,false,censored_incomplete_pre_2009_history,source_history_incomplete_before_2009,26,26,26,26,12,12,0,0,0,0,0,,,,0,0,15
2007,52,Florida State,true,roster_present_no_identifiable_ol,2009,2010,false,censored_incomplete_pre_2009_history,source_history_incomplete_before_2009,35,35,35,35,7,7,0,0,0,0,0,,,,0,0,28
2007,57,Florida,true,roster_present_with_identifiable_ol,2009,2010,false,censored_incomplete_pre_2009_history,source_history_incomplete_before_2009,32,32,32,32,18,18,0,0,1,1,0,,,,1,0,15
2007,58,South Florida,true,roster_present_no_identifiable_ol,2009,2010,false,censored_incomplete_pre_2009_history,source_history_incomplete_before_2009,37,37,37,37,18,18,0,0,0,0,0,,,,0,0,19
2007,59,Georgia Tech,true,roster_present_no_identifiable_ol,2009,2010,false,censored_incomplete_pre_2009_history,source_history_incomplete_before_2009,26,26,26,26,10,10,0,0,0,0,0,,,,0,0,16
2007,61,Georgia,true,roster_present_no_identifiable_ol,2009,2010,false,censored_incomplete_pre_2009_history,source_history_incomplete_before_2009,35,35,35,35,10,10,0,0,0,0,0,,,,0,0,30
2007,62,Hawai'i,true,roster_present_no_identifiable_ol,2009,2010,false,censored_incomplete_pre_2009_history,source_history_incomplete_before_2009,35,35,35,35,9,9,0,0,0,0,0,,,,0,0,26
2007,66,Iowa State,true,roster_present_no_identifiable_ol,2009,2010,false,censored_incomplete_pre_2009_history,source_history_incomplete_before_2009,26,26,26,26,10,10,0,0,0,0,0,,,,0,0,16
2007,68,Boise State,true,roster_present_no_identifiable_ol,2009,2010,false,censored_incomplete_pre_2009_history,source_history_incomplete_before_2009,37,37,37,37,15,15,0,0,0,0,0,,,,0,0,22
2007,70,Idaho,true,roster_present_no_identifiable_ol,2009,2010,false,censored_incomplete_pre_2009_history,source_history_incomplete_before_2009,27,27,27,27,0,0,0,0,0,0,0,,,,0,0,27
2007,77,Northwestern,true,roster_present_with_identifiable_ol,2009,2010,false,censored_incomplete_pre_2009_history,source_history_incomplete_before_2009,33,33,33,33,16,16,0,0,1,1,0,,,,1,0,21
2007,84,Indiana,true,roster_present_no_identifiable_ol,2009,2010,false,censored_incomplete_pre_2009_history,source_history_incomplete_before_2009,27,27,27,27,11,11,0,0,0,0,0,,,,0,0,16
2007,87,Notre Dame,true,roster_present_no_identifiable_ol,2009,2010,false,censored_incomplete_pre_2009_history,source_history_incomplete_before_2009,31,31,31,31,18,18,0,0,0,0,0,,,,0,0,15
2007,96,Kentucky,true,roster_present_no_identifiable_ol,2009,2010,false,censored_incomplete_pre_2009_history,source_history_incomplete_before_2009,38,38,38,38,18,18,0,0,0,0,0,,,,0,0,26
2007,97,Louisville,true,roster_present_no_identifiable_ol,2009,2010,false,censored_incomplete_pre_2009_history,source_history_incomplete_before_2009,28,28,28,28,9,9,0,0,0,0,0,,,,0,0,19
2007,99,LSU,true,roster_present_no_identifiable_ol,2009,2010,false,censored_incomplete_pre_2009_history,source_history_incomplete_before_2009,32,32,32,32,12,12,0,0,0,0,0,,,,0,0,20
2007,103,Boston College,true,roster_present_no_identifiable_ol,2009,2010,false,censored_incomplete_pre_2009_history,source_history_incomplete_before_2009,33,33,33,33,12,12,0,0,0,0,0,,,,0,0,22
2007,120,Maryland,true,roster_present_no_identifiable_ol,2009,2010,false,censored_incomplete_pre_2009_history,source_history_incomplete_before_2009,29,29,29,29,10,10,0,0,0,0,0,,,,0,0,19
2007,127,Michigan State,true,roster_present_no_identifiable_ol,2009,2010,false,censored_incomplete_pre_2009_history,source_history_incomplete_before_2009,31,31,31,31,12,12,0,0,0,0,0,,,,0,0,19
2007,130,Michigan,true,roster_present_with_identifiable_ol,2009,2010,false,censored_incomplete_pre_2009_history,source_history_incomplete_before_2009,35,35,35,35,15,15,0,0,1,1,0,,,,1,0,20
2007,135,Minnesota,true,roster_present_with_identifiable_ol,2009,2010,false,censored_incomplete_pre_2009_history,source_history_incomplete_before_2009,25,25,25,25,11,11,0,0,1,1,0,,,,1,0,14
2007,142,Missouri,true,roster_present_no_identifiable_ol,2009,2010,false,censored_incomplete_pre_2009_history,source_history_incomplete_before_2009,26,26,26,26,5,5,0,0,0,0,0,,,,0,0,22
2007,145,Ole Miss,true,roster_present_no_identifiable_ol,2009,2010,false,censored_incomplete_pre_2009_history,source_history_incomplete_before_2009,24,24,24,24,10,10,0,0,0,0,0,,,,0,0,14
2007,150,Duke,true,roster_present_no_identifiable_ol,2009,2010,false,censored_incomplete_pre_2009_history,source_history_incomplete_before_2009,30,30,30,30,11,11,0,0,0,0,0,,,,0,0,19
2007,151,East Carolina,true,roster_present_no_identifiable_ol,2009,2010,false,censored_incomplete_pre_2009_history,source_history_incomplete_before_2009,36,36,36,36,17,17,0,0,0,0,0,,,,0,0,19
2007,152,NC State,true,roster_present_no_identifiable_ol,2009,2010,false,censored_incomplete_pre_2009_history,source_history_incomplete_before_2009,31,31,31,31,11,11,0,0,0,0,0,,,,0,0,22
2007,153,North Carolina,true,roster_present_no_identifiable_ol,2009,2010,false,censored_incomplete_pre_2009_history,source_history_incomplete_before_2009,30,30,30,30,13,13,0,0,0,0,0,,,,0,0,19
2007,154,Wake Forest,true,roster_present_no_identifiable_ol,2009,2010,false,censored_incomplete_pre_2009_history,source_history_incomplete_before_2009,27,27,27,27,9,9,0,0,0,0,0,,,,0,0,18
2007,158,Nebraska,true,roster_present_no_identifiable_ol,2009,2010,false,censored_incomplete_pre_2009_history,source_history_incomplete_before_2009,38,38,38,38,11,11,0,0,0,0,0,,,,0,0,27
2007,164,Rutgers,true,roster_present_no_identifiable_ol,2009,2010,false,censored_incomplete_pre_2009_history,source_history_incomplete_before_2009,31,31,31,31,12,12,0,0,0,0,0,,,,0,0,19
2007,166,New Mexico State,true,roster_present_no_identifiable_ol,2009,2010,false,censored_incomplete_pre_2009_history,source_history_incomplete_before_2009,28,28,28,28,7,7,0,0,0,0,0,,,,0,0,22
2007,167,New Mexico,true,roster_present_no_identifiable_ol,2009,2010,false,censored_incomplete_pre_2009_history,source_history_incomplete_before_2009,25,25,25,25,8,8,0,0,0,0,0,,,,0,0,17
2007,183,Syracuse,true,roster_present_no_identifiable_ol,2009,2010,false,censored_incomplete_pre_2009_history,source_history_incomplete_before_2009,30,30,30,30,12,12,0,0,0,0,0,,,,0,0,19
2007,189,Bowling Green,true,roster_present_with_identifiable_ol,2009,2010,false,censored_incomplete_pre_2009_history,source_history_incomplete_before_2009,29,29,29,29,12,12,0,0,1,1,0,,,,1,0,17
2007,193,Miami (OH),true,roster_present_no_identifiable_ol,2009,2010,false,censored_incomplete_pre_2009_history,source_history_incomplete_before_2009,34,34,34,34,16,16,0,0,0,0,0,,,,0,0,18
2007,194,Ohio State,true,roster_present_no_identifiable_ol,2009,2010,false,censored_incomplete_pre_2009_history,source_history_incomplete_before_2009,34,34,34,34,14,14,0,0,0,0,0,,,,0,0,20
2007,195,Ohio,true,roster_present_no_identifiable_ol,2009,2010,false,censored_incomplete_pre_2009_history,source_history_incomplete_before_2009,31,31,31,31,12,12,0,0,0,0,0,,,,0,0,19
2007,197,Oklahoma State,true,roster_present_no_identifiable_ol,2009,2010,false,censored_incomplete_pre_2009_history,source_history_incomplete_before_2009,30,30,30,30,8,8,0,0,0,0,0,,,,0,0,22
2007,201,Oklahoma,true,roster_present_no_identifiable_ol,2009,2010,false,censored_incomplete_pre_2009_history,source_history_incomplete_before_2009,34,34,34,34,13,13,0,0,0,0,0,,,,0,0,21
2007,202,Tulsa,true,roster_present_no_identifiable_ol,2009,2010,false,censored_incomplete_pre_2009_history,source_history_incomplete_before_2009,29,29,29,29,7,7,0,0,0,0,0,,,,0,0,22
2007,204,Oregon State,true,roster_present_no_identifiable_ol,2009,2010,false,censored_incomplete_pre_2009_history,source_history_incomplete_before_2009,38,38,38,38,11,11,0,0,0,0,0,,,,0,0,27
2007,213,Penn State,true,roster_present_no_identifiable_ol,2009,2010,false,censored_incomplete_pre_2009_history,source_history_incomplete_before_2009,35,35,35,35,10,10,0,0,0,0,0,,,,0,0,27
2007,218,Temple,true,roster_present_no_identifiable_ol,2009,2010,false,censored_incomplete_pre_2009_history,source_history_incomplete_before_2009,26,26,26,26,15,15,0,0,0,0,0,,,,0,0,11
2007,221,Pittsburgh,true,roster_present_with_identifiable_ol,2009,2010,false,censored_incomplete_pre_2009_history,source_history_incomplete_before_2009,30,30,30,30,9,9,0,0,1,1,0,,,,1,0,21
2007,228,Clemson,true,roster_present_no_identifiable_ol,2009,2010,false,censored_incomplete_pre_2009_history,source_history_incomplete_before_2009,29,29,29,29,15,15,0,0,0,0,0,,,,0,0,14
2007,235,Memphis,true,roster_present_no_identifiable_ol,2009,2010,false,censored_incomplete_pre_2009_history,source_history_incomplete_before_2009,27,27,27,27,7,7,0,0,0,0,0,,,,0,0,20
2007,238,Vanderbilt,true,roster_present_no_identifiable_ol,2009,2010,false,censored_incomplete_pre_2009_history,source_history_incomplete_before_2009,33,33,33,33,14,14,0,0,0,0,0,,,,0,0,20
2007,239,Baylor,true,roster_present_no_identifiable_ol,2009,2010,false,censored_incomplete_pre_2009_history,source_history_incomplete_before_2009,35,35,35,35,13,13,0,0,0,0,0,,,,0,0,23
2007,242,Rice,true,roster_present_no_identifiable_ol,2009,2010,false,censored_incomplete_pre_2009_history,source_history_incomplete_before_2009,29,29,29,29,15,15,0,0,0,0,0,,,,0,0,14
2007,245,Texas A&M,true,roster_present_no_identifiable_ol,2009,2010,false,censored_incomplete_pre_2009_history,source_history_incomplete_before_2009,30,30,30,30,7,7,0,0,0,0,0,,,,0,0,23
2007,248,Houston,true,roster_present_with_identifiable_ol,2009,2010,false,censored_incomplete_pre_2009_history,source_history_incomplete_before_2009,33,33,33,33,11,11,0,0,1,1,0,,,,1,0,22
2007,249,North Texas,true,roster_present_no_identifiable_ol,2009,2010,false,censored_incomplete_pre_2009_history,source_history_incomplete_before_2009,29,29,29,29,8,8,0,0,0,0,0,,,,0,0,21
2007,251,Texas,true,roster_present_no_identifiable_ol,2009,2010,false,censored_incomplete_pre_2009_history,source_history_incomplete_before_2009,29,29,29,29,13,13,0,0,0,0,0,,,,0,0,16
2007,252,BYU,true,roster_present_no_identifiable_ol,2009,2010,false,censored_incomplete_pre_2009_history,source_history_incomplete_before_2009,28,28,28,28,12,12,0,0,0,0,0,,,,0,0,16
2007,254,Utah,true,roster_present_no_identifiable_ol,2009,2010,false,censored_incomplete_pre_2009_history,source_history_incomplete_before_2009,34,34,34,34,13,13,0,0,0,0,0,,,,0,0,21
2007,258,Virginia,true,roster_present_no_identifiable_ol,2009,2010,false,censored_incomplete_pre_2009_history,source_history_incomplete_before_2009,28,28,28,28,10,10,0,0,0,0,0,,,,0,0,19
2007,259,Virginia Tech,true,roster_present_no_identifiable_ol,2009,2010,false,censored_incomplete_pre_2009_history,source_history_incomplete_before_2009,34,34,34,34,11,11,0,0,0,0,0,,,,0,0,25
2007,264,Washington,true,roster_present_no_identifiable_ol,2009,2010,false,censored_incomplete_pre_2009_history,source_history_incomplete_before_2009,30,30,30,30,7,7,0,0,0,0,0,,,,0,0,25
2007,265,Washington State,true,roster_present_no_identifiable_ol,2009,2010,false,censored_incomplete_pre_2009_history,source_history_incomplete_before_2009,31,31,31,31,9,9,0,0,0,0,0,,,,0,0,22
2007,275,Wisconsin,true,roster_present_no_identifiable_ol,2009,2010,false,censored_incomplete_pre_2009_history,source_history_incomplete_before_2009,35,35,35,35,10,10,0,0,0,0,0,,,,0,0,25
2007,276,Marshall,true,roster_present_no_identifiable_ol,2009,2010,false,censored_incomplete_pre_2009_history,source_history_incomplete_before_2009,24,24,24,24,7,7,0,0,0,0,0,,,,0,0,17
2007,277,West Virginia,true,roster_present_no_identifiable_ol,2009,2010,false,censored_incomplete_pre_2009_history,source_history_incomplete_before_2009,29,29,29,29,10,10,0,0,0,0,0,,,,0,0,19
2007,278,Fresno State,true,roster_present_no_identifiable_ol,2009,2010,false,censored_incomplete_pre_2009_history,source_history_incomplete_before_2009,28,28,28,28,15,15,0,0,0,0,0,,,,0,0,13
2007,309,Louisiana,true,roster_present_no_identifiable_ol,2009,2010,false,censored_incomplete_pre_2009_history,source_history_incomplete_before_2009,28,28,28,28,11,11,0,0,0,0,0,,,,0,0,19
2007,328,Utah State,true,roster_present_no_identifiable_ol,2009,2010,false,censored_incomplete_pre_2009_history,source_history_incomplete_before_2009,34,34,34,34,15,15,0,0,0,0,0,,,,0,0,19
2007,333,Alabama,true,roster_present_no_identifiable_ol,2009,2010,false,censored_incomplete_pre_2009_history,source_history_incomplete_before_2009,32,32,32,32,14,14,0,0,0,0,0,,,,0,0,18
2007,344,Mississippi State,true,roster_present_no_identifiable_ol,2009,2010,false,censored_incomplete_pre_2009_history,source_history_incomplete_before_2009,29,29,29,29,5,5,0,0,0,0,0,,,,0,0,25
2007,349,Army,true,roster_present_no_identifiable_ol,2009,2010,false,censored_incomplete_pre_2009_history,source_history_incomplete_before_2009,31,31,31,31,4,4,0,0,0,0,0,,,,0,0,29
2007,356,Illinois,true,roster_present_no_identifiable_ol,2009,2010,false,censored_incomplete_pre_2009_history,source_history_incomplete_before_2009,31,31,31,31,11,11,0,0,0,0,0,,,,0,0,20
2007,2005,Air Force,true,roster_present_no_identifiable_ol,2009,2010,false,censored_incomplete_pre_2009_history,source_history_incomplete_before_2009,27,27,27,27,4,4,0,0,0,0,0,,,,0,0,24
2007,2006,Akron,true,roster_present_no_identifiable_ol,2009,2010,false,censored_incomplete_pre_2009_history,source_history_incomplete_before_2009,22,22,22,22,8,8,0,0,0,0,0,,,,0,0,14
2007,2032,Arkansas State,true,roster_present_no_identifiable_ol,2009,2010,false,censored_incomplete_pre_2009_history,source_history_incomplete_before_2009,29,29,29,29,9,9,0,0,0,0,0,,,,0,0,20
2007,2050,Ball State,true,roster_present_no_identifiable_ol,2009,2010,false,censored_incomplete_pre_2009_history,source_history_incomplete_before_2009,30,30,30,30,14,14,0,0,0,0,0,,,,0,0,19
2007,2084,Buffalo,true,roster_present_no_identifiable_ol,2009,2010,false,censored_incomplete_pre_2009_history,source_history_incomplete_before_2009,28,28,28,28,17,17,0,0,0,0,0,,,,0,0,11
2007,2116,UCF,true,roster_present_with_identifiable_ol,2009,2010,false,censored_incomplete_pre_2009_history,source_history_incomplete_before_2009,34,34,34,34,17,17,0,0,1,1,0,,,,1,0,17
2007,2117,Central Michigan,true,roster_present_no_identifiable_ol,2009,2010,false,censored_incomplete_pre_2009_history,source_history_incomplete_before_2009,32,32,32,32,14,14,0,0,0,0,0,,,,0,0,18
2007,2132,Cincinnati,true,roster_present_no_identifiable_ol,2009,2010,false,censored_incomplete_pre_2009_history,source_history_incomplete_before_2009,33,33,33,33,13,13,0,0,0,0,0,,,,0,0,20
2007,2199,Eastern Michigan,true,roster_present_no_identifiable_ol,2009,2010,false,censored_incomplete_pre_2009_history,source_history_incomplete_before_2009,29,29,29,29,15,15,0,0,0,0,0,,,,0,0,14
2007,2226,Florida Atlantic,true,roster_present_no_identifiable_ol,2009,2010,false,censored_incomplete_pre_2009_history,source_history_incomplete_before_2009,32,32,32,32,19,19,0,0,0,0,0,,,,0,0,13
2007,2229,Florida International,true,roster_present_no_identifiable_ol,2009,2010,false,censored_incomplete_pre_2009_history,source_history_incomplete_before_2009,35,35,35,35,18,18,0,0,0,0,0,,,,0,0,17
2007,2294,Iowa,true,roster_present_with_identifiable_ol,2009,2010,false,censored_incomplete_pre_2009_history,source_history_incomplete_before_2009,27,27,27,27,12,12,0,0,1,1,0,,,,1,0,15
2007,2305,Kansas,true,roster_present_no_identifiable_ol,2009,2010,false,censored_incomplete_pre_2009_history,source_history_incomplete_before_2009,34,34,34,34,12,12,0,0,0,0,0,,,,0,0,22
2007,2306,Kansas State,true,roster_present_no_identifiable_ol,2009,2010,false,censored_incomplete_pre_2009_history,source_history_incomplete_before_2009,30,30,30,30,8,8,0,0,0,0,0,,,,0,0,22
2007,2309,Kent State,true,roster_present_no_identifiable_ol,2009,2010,false,censored_incomplete_pre_2009_history,source_history_incomplete_before_2009,31,31,31,31,17,17,0,0,0,0,0,,,,0,0,14
2007,2348,Louisiana Tech,true,roster_present_no_identifiable_ol,2009,2010,false,censored_incomplete_pre_2009_history,source_history_incomplete_before_2009,30,30,30,30,8,8,0,0,0,0,0,,,,0,0,22
2007,2390,Miami,true,roster_present_no_identifiable_ol,2009,2010,false,censored_incomplete_pre_2009_history,source_history_incomplete_before_2009,31,31,31,31,13,13,0,0,0,0,0,,,,0,0,18
2007,2393,Middle Tennessee,true,roster_present_no_identifiable_ol,2009,2010,false,censored_incomplete_pre_2009_history,source_history_incomplete_before_2009,32,32,32,32,12,12,0,0,0,0,0,,,,0,0,20
2007,2426,Navy,true,roster_present_no_identifiable_ol,2009,2010,false,censored_incomplete_pre_2009_history,source_history_incomplete_before_2009,24,24,24,24,4,4,0,0,0,0,0,,,,0,0,21
2007,2433,UL Monroe,true,roster_present_with_identifiable_ol,2009,2010,false,censored_incomplete_pre_2009_history,source_history_incomplete_before_2009,26,26,26,26,11,11,0,0,1,1,0,,,,1,0,15
2007,2439,UNLV,true,roster_present_no_identifiable_ol,2009,2010,false,censored_incomplete_pre_2009_history,source_history_incomplete_before_2009,29,29,29,29,10,10,0,0,0,0,0,,,,0,0,19
2007,2440,Nevada,true,roster_present_no_identifiable_ol,2009,2010,false,censored_incomplete_pre_2009_history,source_history_incomplete_before_2009,26,26,26,26,9,9,0,0,0,0,0,,,,0,0,17
2007,2459,Northern Illinois,true,roster_present_with_identifiable_ol,2009,2010,false,censored_incomplete_pre_2009_history,source_history_incomplete_before_2009,32,32,32,32,12,12,0,0,1,1,0,,,,1,0,24
2007,2483,Oregon,true,roster_present_no_identifiable_ol,2009,2010,false,censored_incomplete_pre_2009_history,source_history_incomplete_before_2009,38,38,38,38,11,11,0,0,0,0,0,,,,0,0,28
2007,2509,Purdue,true,roster_present_no_identifiable_ol,2009,2010,false,censored_incomplete_pre_2009_history,source_history_incomplete_before_2009,33,33,33,33,11,11,0,0,0,0,0,,,,0,0,22
2007,2567,SMU,true,roster_present_no_identifiable_ol,2009,2010,false,censored_incomplete_pre_2009_history,source_history_incomplete_before_2009,25,25,25,25,10,10,0,0,0,0,0,,,,0,0,15
2007,2572,Southern Miss,true,roster_present_no_identifiable_ol,2009,2010,false,censored_incomplete_pre_2009_history,source_history_incomplete_before_2009,30,30,30,30,10,10,0,0,0,0,0,,,,0,0,20
2007,2579,South Carolina,true,roster_present_no_identifiable_ol,2009,2010,false,censored_incomplete_pre_2009_history,source_history_incomplete_before_2009,34,34,34,34,11,11,0,0,0,0,0,,,,0,0,25
2007,2628,TCU,true,roster_present_with_identifiable_ol,2009,2010,false,censored_incomplete_pre_2009_history,source_history_incomplete_before_2009,37,37,37,37,18,18,0,0,1,1,0,,,,1,0,22
2007,2633,Tennessee,true,roster_present_no_identifiable_ol,2009,2010,false,censored_incomplete_pre_2009_history,source_history_incomplete_before_2009,36,36,36,36,16,16,0,0,0,0,0,,,,0,0,20
2007,2638,UTEP,true,roster_present_no_identifiable_ol,2009,2010,false,censored_incomplete_pre_2009_history,source_history_incomplete_before_2009,31,31,31,31,15,15,0,0,0,0,0,,,,0,0,16
2007,2641,Texas Tech,true,roster_present_no_identifiable_ol,2009,2010,false,censored_incomplete_pre_2009_history,source_history_incomplete_before_2009,28,28,28,28,9,9,0,0,0,0,0,,,,0,0,19
2007,2649,Toledo,true,roster_present_no_identifiable_ol,2009,2010,false,censored_incomplete_pre_2009_history,source_history_incomplete_before_2009,25,25,25,25,10,10,0,0,0,0,0,,,,0,0,15
2007,2653,Troy,true,roster_present_no_identifiable_ol,2009,2010,false,censored_incomplete_pre_2009_history,source_history_incomplete_before_2009,35,35,35,35,14,14,0,0,0,0,0,,,,0,0,21
2007,2655,Tulane,true,roster_present_no_identifiable_ol,2009,2010,false,censored_incomplete_pre_2009_history,source_history_incomplete_before_2009,28,28,28,28,10,10,0,0,0,0,0,,,,0,0,18
2007,2711,Western Michigan,true,roster_present_no_identifiable_ol,2009,2010,false,censored_incomplete_pre_2009_history,source_history_incomplete_before_2009,34,34,34,34,12,12,0,0,0,0,0,,,,0,0,23
2007,2751,Wyoming,true,roster_present_no_identifiable_ol,2009,2010,false,censored_incomplete_pre_2009_history,source_history_incomplete_before_2009,26,26,26,26,8,8,0,0,0,0,0,,,,0,0,18
2008,2,Auburn,true,roster_present_no_identifiable_ol,2009,2010,false,censored_incomplete_pre_2009_history,source_history_incomplete_before_2009,31,31,31,31,23,23,0,0,0,0,0,,,,0,0,9
2008,5,UAB,true,roster_present_with_identifiable_ol,2009,2010,false,censored_incomplete_pre_2009_history,source_history_incomplete_before_2009,28,28,28,28,21,21,0,0,1,1,0,,,,1,0,7
2008,8,Arkansas,true,roster_present_no_identifiable_ol,2009,2010,false,censored_incomplete_pre_2009_history,source_history_incomplete_before_2009,36,36,36,36,26,26,0,0,0,0,0,,,,0,0,13
2008,9,Arizona State,true,roster_present_with_identifiable_ol,2009,2010,false,censored_incomplete_pre_2009_history,source_history_incomplete_before_2009,30,30,30,30,22,22,0,0,1,1,0,,,,1,0,8
2008,12,Arizona,true,roster_present_no_identifiable_ol,2009,2010,false,censored_incomplete_pre_2009_history,source_history_incomplete_before_2009,32,32,32,32,21,21,0,0,0,0,0,,,,0,0,12
2008,21,San Diego State,true,roster_present_no_identifiable_ol,2009,2010,false,censored_incomplete_pre_2009_history,source_history_incomplete_before_2009,29,29,29,29,21,21,0,0,0,0,0,,,,0,0,8
2008,23,San José State,true,roster_present_with_identifiable_ol,2009,2010,false,censored_incomplete_pre_2009_history,source_history_incomplete_before_2009,33,33,33,33,22,22,0,0,1,1,0,,,,1,0,11
2008,24,Stanford,true,roster_present_no_identifiable_ol,2009,2010,false,censored_incomplete_pre_2009_history,source_history_incomplete_before_2009,30,30,30,30,25,25,0,0,0,0,0,,,,0,0,8
2008,25,California,true,roster_present_no_identifiable_ol,2009,2010,false,censored_incomplete_pre_2009_history,source_history_incomplete_before_2009,41,41,41,41,28,28,0,0,0,0,0,,,,0,0,15
2008,26,UCLA,true,roster_present_with_identifiable_ol,2009,2010,false,censored_incomplete_pre_2009_history,source_history_incomplete_before_2009,35,35,35,35,28,28,0,0,1,1,0,,,,1,0,11
2008,30,USC,true,roster_present_no_identifiable_ol,2009,2010,false,censored_incomplete_pre_2009_history,source_history_incomplete_before_2009,38,38,38,38,27,27,0,0,0,0,0,,,,0,0,16
2008,36,Colorado State,true,roster_present_with_identifiable_ol,2009,2010,false,censored_incomplete_pre_2009_history,source_history_incomplete_before_2009,31,31,31,31,18,18,0,0,1,1,0,,,,1,0,13
2008,38,Colorado,true,roster_present_no_identifiable_ol,2009,2010,false,censored_incomplete_pre_2009_history,source_history_incomplete_before_2009,35,35,35,35,25,25,0,0,0,0,0,,,,0,0,14
2008,41,UConn,true,roster_present_no_identifiable_ol,2009,2010,false,censored_incomplete_pre_2009_history,source_history_incomplete_before_2009,35,35,35,35,23,23,0,0,0,0,0,,,,0,0,16
2008,52,Florida State,true,roster_present_no_identifiable_ol,2009,2010,false,censored_incomplete_pre_2009_history,source_history_incomplete_before_2009,40,40,40,40,21,21,0,0,0,0,0,,,,0,0,19
2008,57,Florida,true,roster_present_no_identifiable_ol,2009,2010,false,censored_incomplete_pre_2009_history,source_history_incomplete_before_2009,37,37,37,37,27,27,0,0,0,0,0,,,,0,0,13
2008,58,South Florida,true,roster_present_no_identifiable_ol,2009,2010,false,censored_incomplete_pre_2009_history,source_history_incomplete_before_2009,35,35,35,35,26,26,0,0,0,0,0,,,,0,0,9
2008,59,Georgia Tech,true,roster_present_with_identifiable_ol,2009,2010,false,censored_incomplete_pre_2009_history,source_history_incomplete_before_2009,36,36,36,36,22,22,0,0,1,1,0,,,,1,0,14
2008,61,Georgia,true,roster_present_no_identifiable_ol,2009,2010,false,censored_incomplete_pre_2009_history,source_history_incomplete_before_2009,33,33,33,33,22,22,0,0,0,0,0,,,,0,0,21
2008,62,Hawai'i,true,roster_present_no_identifiable_ol,2009,2010,false,censored_incomplete_pre_2009_history,source_history_incomplete_before_2009,31,31,31,31,15,15,0,0,0,0,0,,,,0,0,16
2008,66,Iowa State,true,roster_present_with_identifiable_ol,2009,2010,false,censored_incomplete_pre_2009_history,source_history_incomplete_before_2009,32,32,32,32,23,23,0,0,1,1,0,,,,1,0,9
2008,68,Boise State,true,roster_present_no_identifiable_ol,2009,2010,false,censored_incomplete_pre_2009_history,source_history_incomplete_before_2009,36,36,36,36,25,25,0,0,0,0,0,,,,0,0,11
2008,70,Idaho,true,roster_present_no_identifiable_ol,2009,2010,false,censored_incomplete_pre_2009_history,source_history_incomplete_before_2009,33,33,33,33,0,0,0,0,0,0,0,,,,0,0,33
2008,77,Northwestern,true,roster_present_no_identifiable_ol,2009,2010,false,censored_incomplete_pre_2009_history,source_history_incomplete_before_2009,31,31,31,31,22,22,0,0,0,0,0,,,,0,0,13
2008,84,Indiana,true,roster_present_with_identifiable_ol,2009,2010,false,censored_incomplete_pre_2009_history,source_history_incomplete_before_2009,34,34,34,34,26,26,0,0,1,1,0,,,,1,0,8
2008,87,Notre Dame,true,roster_present_no_identifiable_ol,2009,2010,false,censored_incomplete_pre_2009_history,source_history_incomplete_before_2009,32,32,32,32,26,26,0,0,0,0,0,,,,0,0,8
2008,96,Kentucky,true,roster_present_no_identifiable_ol,2009,2010,false,censored_incomplete_pre_2009_history,source_history_incomplete_before_2009,33,33,33,33,25,25,0,0,0,0,0,,,,0,0,15
2008,97,Louisville,true,roster_present_no_identifiable_ol,2009,2010,false,censored_incomplete_pre_2009_history,source_history_incomplete_before_2009,28,28,28,28,19,19,0,0,0,0,0,,,,0,0,9
2008,98,Western Kentucky,true,roster_present_no_identifiable_ol,2009,2010,false,censored_incomplete_pre_2009_history,source_history_incomplete_before_2009,29,29,29,29,18,18,0,0,0,0,0,,,,0,0,11
2008,99,LSU,true,roster_present_no_identifiable_ol,2009,2010,false,censored_incomplete_pre_2009_history,source_history_incomplete_before_2009,27,27,27,27,18,18,0,0,0,0,0,,,,0,0,9
2008,103,Boston College,true,roster_present_no_identifiable_ol,2009,2010,false,censored_incomplete_pre_2009_history,source_history_incomplete_before_2009,36,36,36,36,25,25,0,0,0,0,0,,,,0,0,13
2008,120,Maryland,true,roster_present_no_identifiable_ol,2009,2010,false,censored_incomplete_pre_2009_history,source_history_incomplete_before_2009,32,32,32,32,22,22,0,0,0,0,0,,,,0,0,10
2008,127,Michigan State,true,roster_present_no_identifiable_ol,2009,2010,false,censored_incomplete_pre_2009_history,source_history_incomplete_before_2009,34,34,34,34,27,27,0,0,0,0,0,,,,0,0,7
2008,130,Michigan,true,roster_present_no_identifiable_ol,2009,2010,false,censored_incomplete_pre_2009_history,source_history_incomplete_before_2009,30,30,30,30,23,23,0,0,0,0,0,,,,0,0,7
2008,135,Minnesota,true,roster_present_no_identifiable_ol,2009,2010,false,censored_incomplete_pre_2009_history,source_history_incomplete_before_2009,31,31,31,31,23,23,0,0,0,0,0,,,,0,0,8
2008,142,Missouri,true,roster_present_no_identifiable_ol,2009,2010,false,censored_incomplete_pre_2009_history,source_history_incomplete_before_2009,33,33,33,33,19,19,0,0,0,0,0,,,,0,0,16
2008,145,Ole Miss,true,roster_present_with_identifiable_ol,2009,2010,false,censored_incomplete_pre_2009_history,source_history_incomplete_before_2009,32,32,32,32,27,27,0,0,1,1,0,,,,1,0,5
2008,150,Duke,true,roster_present_no_identifiable_ol,2009,2010,false,censored_incomplete_pre_2009_history,source_history_incomplete_before_2009,32,32,32,32,19,19,0,0,0,0,0,,,,0,0,13
2008,151,East Carolina,true,roster_present_no_identifiable_ol,2009,2010,false,censored_incomplete_pre_2009_history,source_history_incomplete_before_2009,38,38,38,38,27,27,0,0,0,0,0,,,,0,0,11
2008,152,NC State,true,roster_present_no_identifiable_ol,2009,2010,false,censored_incomplete_pre_2009_history,source_history_incomplete_before_2009,33,33,33,33,20,20,0,0,0,0,0,,,,0,0,15
2008,153,North Carolina,true,roster_present_no_identifiable_ol,2009,2010,false,censored_incomplete_pre_2009_history,source_history_incomplete_before_2009,33,33,33,33,19,19,0,0,0,0,0,,,,0,0,18
2008,154,Wake Forest,true,roster_present_no_identifiable_ol,2009,2010,false,censored_incomplete_pre_2009_history,source_history_incomplete_before_2009,28,28,28,28,18,18,0,0,0,0,0,,,,0,0,11
2008,158,Nebraska,true,roster_present_no_identifiable_ol,2009,2010,false,censored_incomplete_pre_2009_history,source_history_incomplete_before_2009,31,31,31,31,18,18,0,0,0,0,0,,,,0,0,13
2008,164,Rutgers,true,roster_present_with_identifiable_ol,2009,2010,false,censored_incomplete_pre_2009_history,source_history_incomplete_before_2009,31,31,31,31,19,19,0,0,1,1,0,,,,1,0,12
2008,166,New Mexico State,true,roster_present_no_identifiable_ol,2009,2010,false,censored_incomplete_pre_2009_history,source_history_incomplete_before_2009,26,26,26,26,16,16,0,0,0,0,0,,,,0,0,12
2008,167,New Mexico,true,roster_present_no_identifiable_ol,2009,2010,false,censored_incomplete_pre_2009_history,source_history_incomplete_before_2009,27,27,27,27,19,19,0,0,0,0,0,,,,0,0,8
2008,183,Syracuse,true,roster_present_no_identifiable_ol,2009,2010,false,censored_incomplete_pre_2009_history,source_history_incomplete_before_2009,32,32,32,32,21,21,0,0,0,0,0,,,,0,0,15
2008,189,Bowling Green,true,roster_present_no_identifiable_ol,2009,2010,false,censored_incomplete_pre_2009_history,source_history_incomplete_before_2009,28,28,28,28,15,15,0,0,0,0,0,,,,0,0,14
2008,193,Miami (OH),true,roster_present_no_identifiable_ol,2009,2010,false,censored_incomplete_pre_2009_history,source_history_incomplete_before_2009,30,30,30,30,17,17,0,0,0,0,0,,,,0,0,13
2008,194,Ohio State,true,roster_present_no_identifiable_ol,2009,2010,false,censored_incomplete_pre_2009_history,source_history_incomplete_before_2009,35,35,35,35,21,21,0,0,0,0,0,,,,0,0,14
2008,195,Ohio,true,roster_present_no_identifiable_ol,2009,2010,false,censored_incomplete_pre_2009_history,source_history_incomplete_before_2009,28,28,28,28,17,17,0,0,0,0,0,,,,0,0,11
2008,197,Oklahoma State,true,roster_present_no_identifiable_ol,2009,2010,false,censored_incomplete_pre_2009_history,source_history_incomplete_before_2009,30,30,30,30,21,21,0,0,0,0,0,,,,0,0,9
2008,201,Oklahoma,true,roster_present_no_identifiable_ol,2009,2010,false,censored_incomplete_pre_2009_history,source_history_incomplete_before_2009,33,33,33,33,23,23,0,0,0,0,0,,,,0,0,10
2008,202,Tulsa,true,roster_present_no_identifiable_ol,2009,2010,false,censored_incomplete_pre_2009_history,source_history_incomplete_before_2009,26,26,26,26,16,16,0,0,0,0,0,,,,0,0,10
2008,204,Oregon State,true,roster_present_no_identifiable_ol,2009,2010,false,censored_incomplete_pre_2009_history,source_history_incomplete_before_2009,29,29,29,29,18,18,0,0,0,0,0,,,,0,0,11
2008,213,Penn State,true,roster_present_no_identifiable_ol,2009,2010,false,censored_incomplete_pre_2009_history,source_history_incomplete_before_2009,37,37,37,37,21,21,0,0,0,0,0,,,,0,0,19
2008,218,Temple,true,roster_present_no_identifiable_ol,2009,2010,false,censored_incomplete_pre_2009_history,source_history_incomplete_before_2009,29,29,29,29,21,21,0,0,0,0,0,,,,0,0,8
2008,221,Pittsburgh,true,roster_present_no_identifiable_ol,2009,2010,false,censored_incomplete_pre_2009_history,source_history_incomplete_before_2009,33,33,33,33,18,18,0,0,0,0,0,,,,0,0,15
2008,228,Clemson,true,roster_present_no_identifiable_ol,2009,2010,false,censored_incomplete_pre_2009_history,source_history_incomplete_before_2009,32,32,32,32,20,20,0,0,0,0,0,,,,0,0,12
2008,235,Memphis,true,roster_present_no_identifiable_ol,2009,2010,false,censored_incomplete_pre_2009_history,source_history_incomplete_before_2009,31,31,31,31,18,17,0,0,0,0,0,,,,0,0,13
2008,238,Vanderbilt,true,roster_present_no_identifiable_ol,2009,2010,false,censored_incomplete_pre_2009_history,source_history_incomplete_before_2009,27,27,27,27,17,17,0,0,0,0,0,,,,0,0,11
2008,239,Baylor,true,roster_present_no_identifiable_ol,2009,2010,false,censored_incomplete_pre_2009_history,source_history_incomplete_before_2009,31,31,31,31,20,20,0,0,0,0,0,,,,0,0,12
2008,242,Rice,true,roster_present_no_identifiable_ol,2009,2010,false,censored_incomplete_pre_2009_history,source_history_incomplete_before_2009,32,32,32,32,21,21,0,0,0,0,0,,,,0,0,11
2008,245,Texas A&M,true,roster_present_no_identifiable_ol,2009,2010,false,censored_incomplete_pre_2009_history,source_history_incomplete_before_2009,24,24,24,24,13,13,0,0,0,0,0,,,,0,0,11
2008,248,Houston,true,roster_present_no_identifiable_ol,2009,2010,false,censored_incomplete_pre_2009_history,source_history_incomplete_before_2009,26,26,26,26,20,20,0,0,0,0,0,,,,0,0,6
2008,249,North Texas,true,roster_present_no_identifiable_ol,2009,2010,false,censored_incomplete_pre_2009_history,source_history_incomplete_before_2009,28,28,28,28,18,18,0,0,0,0,0,,,,0,0,10
2008,251,Texas,true,roster_present_no_identifiable_ol,2009,2010,false,censored_incomplete_pre_2009_history,source_history_incomplete_before_2009,32,32,32,32,23,23,0,0,0,0,0,,,,0,0,10
2008,252,BYU,true,roster_present_no_identifiable_ol,2009,2010,false,censored_incomplete_pre_2009_history,source_history_incomplete_before_2009,33,33,33,33,20,20,0,0,0,0,0,,,,0,0,13
2008,254,Utah,true,roster_present_no_identifiable_ol,2009,2010,false,censored_incomplete_pre_2009_history,source_history_incomplete_before_2009,33,33,33,33,19,19,0,0,0,0,0,,,,0,0,14
2008,258,Virginia,true,roster_present_no_identifiable_ol,2009,2010,false,censored_incomplete_pre_2009_history,source_history_incomplete_before_2009,28,28,28,28,17,17,0,0,0,0,0,,,,0,0,13
2008,259,Virginia Tech,true,roster_present_no_identifiable_ol,2009,2010,false,censored_incomplete_pre_2009_history,source_history_incomplete_before_2009,29,29,29,29,17,17,0,0,0,0,0,,,,0,0,21
2008,264,Washington,true,roster_present_no_identifiable_ol,2009,2010,false,censored_incomplete_pre_2009_history,source_history_incomplete_before_2009,32,32,32,32,23,23,0,0,0,0,0,,,,0,0,14
2008,265,Washington State,true,roster_present_no_identifiable_ol,2009,2010,false,censored_incomplete_pre_2009_history,source_history_incomplete_before_2009,31,31,31,31,20,20,0,0,0,0,0,,,,0,0,11
2008,275,Wisconsin,true,roster_present_no_identifiable_ol,2009,2010,false,censored_incomplete_pre_2009_history,source_history_incomplete_before_2009,30,30,30,30,22,22,0,0,0,0,0,,,,0,0,8
2008,276,Marshall,true,roster_present_no_identifiable_ol,2009,2010,false,censored_incomplete_pre_2009_history,source_history_incomplete_before_2009,23,23,23,23,16,16,0,0,0,0,0,,,,0,0,7
2008,277,West Virginia,true,roster_present_with_identifiable_ol,2009,2010,false,censored_incomplete_pre_2009_history,source_history_incomplete_before_2009,30,30,30,30,20,20,0,0,1,1,0,,,,1,0,10
2008,278,Fresno State,true,roster_present_no_identifiable_ol,2009,2010,false,censored_incomplete_pre_2009_history,source_history_incomplete_before_2009,26,26,26,26,22,22,0,0,0,0,0,,,,0,0,4
2008,309,Louisiana,true,roster_present_no_identifiable_ol,2009,2010,false,censored_incomplete_pre_2009_history,source_history_incomplete_before_2009,33,33,33,33,22,21,0,0,0,0,0,,,,0,0,12
2008,328,Utah State,true,roster_present_with_identifiable_ol,2009,2010,false,censored_incomplete_pre_2009_history,source_history_incomplete_before_2009,34,34,34,34,26,26,0,0,1,1,0,,,,1,0,8
2008,333,Alabama,true,roster_present_no_identifiable_ol,2009,2010,false,censored_incomplete_pre_2009_history,source_history_incomplete_before_2009,32,32,32,32,24,24,0,0,0,0,0,,,,0,0,8
2008,344,Mississippi State,true,roster_present_no_identifiable_ol,2009,2010,false,censored_incomplete_pre_2009_history,source_history_incomplete_before_2009,29,29,29,29,15,15,0,0,0,0,0,,,,0,0,15
2008,349,Army,true,roster_present_no_identifiable_ol,2009,2010,false,censored_incomplete_pre_2009_history,source_history_incomplete_before_2009,30,30,30,30,15,15,0,0,0,0,0,,,,0,0,19
2008,356,Illinois,true,roster_present_no_identifiable_ol,2009,2010,false,censored_incomplete_pre_2009_history,source_history_incomplete_before_2009,25,25,25,25,20,20,0,0,0,0,0,,,,0,0,5
2008,2005,Air Force,true,roster_present_no_identifiable_ol,2009,2010,false,censored_incomplete_pre_2009_history,source_history_incomplete_before_2009,32,32,32,32,16,16,0,0,0,0,0,,,,0,0,17
2008,2006,Akron,true,roster_present_no_identifiable_ol,2009,2010,false,censored_incomplete_pre_2009_history,source_history_incomplete_before_2009,25,25,25,25,15,15,0,0,0,0,0,,,,0,0,10
2008,2032,Arkansas State,true,roster_present_no_identifiable_ol,2009,2010,false,censored_incomplete_pre_2009_history,source_history_incomplete_before_2009,31,31,31,31,20,20,0,0,0,0,0,,,,0,0,11
2008,2050,Ball State,true,roster_present_no_identifiable_ol,2009,2010,false,censored_incomplete_pre_2009_history,source_history_incomplete_before_2009,25,25,25,25,14,14,0,0,0,0,0,,,,0,0,14
2008,2084,Buffalo,true,roster_present_no_identifiable_ol,2009,2010,false,censored_incomplete_pre_2009_history,source_history_incomplete_before_2009,28,28,28,28,22,22,0,0,0,0,0,,,,0,0,6
2008,2116,UCF,true,roster_present_no_identifiable_ol,2009,2010,false,censored_incomplete_pre_2009_history,source_history_incomplete_before_2009,33,33,33,33,25,25,0,0,0,0,0,,,,0,0,8
2008,2117,Central Michigan,true,roster_present_with_identifiable_ol,2009,2010,false,censored_incomplete_pre_2009_history,source_history_incomplete_before_2009,28,28,28,28,20,20,0,0,1,1,0,,,,1,0,8
2008,2132,Cincinnati,true,roster_present_no_identifiable_ol,2009,2010,false,censored_incomplete_pre_2009_history,source_history_incomplete_before_2009,34,34,34,34,21,21,0,0,0,0,0,,,,0,0,13
2008,2199,Eastern Michigan,true,roster_present_no_identifiable_ol,2009,2010,false,censored_incomplete_pre_2009_history,source_history_incomplete_before_2009,31,31,31,31,24,24,0,0,0,0,0,,,,0,0,7
2008,2226,Florida Atlantic,true,roster_present_no_identifiable_ol,2009,2010,false,censored_incomplete_pre_2009_history,source_history_incomplete_before_2009,31,31,31,31,23,23,0,0,0,0,0,,,,0,0,8
2008,2229,Florida International,true,roster_present_with_identifiable_ol,2009,2010,false,censored_incomplete_pre_2009_history,source_history_incomplete_before_2009,37,37,37,37,29,29,0,0,1,1,0,,,,1,0,9
2008,2294,Iowa,true,roster_present_no_identifiable_ol,2009,2010,false,censored_incomplete_pre_2009_history,source_history_incomplete_before_2009,33,33,33,33,25,25,0,0,0,0,0,,,,0,0,8
2008,2305,Kansas,true,roster_present_no_identifiable_ol,2009,2010,false,censored_incomplete_pre_2009_history,source_history_incomplete_before_2009,29,29,29,29,19,19,0,0,0,0,0,,,,0,0,10
2008,2306,Kansas State,true,roster_present_no_identifiable_ol,2009,2010,false,censored_incomplete_pre_2009_history,source_history_incomplete_before_2009,33,33,33,33,20,20,0,0,0,0,0,,,,0,0,13
2008,2309,Kent State,true,roster_present_no_identifiable_ol,2009,2010,false,censored_incomplete_pre_2009_history,source_history_incomplete_before_2009,28,28,28,28,24,24,0,0,0,0,0,,,,0,0,4
2008,2348,Louisiana Tech,true,roster_present_no_identifiable_ol,2009,2010,false,censored_incomplete_pre_2009_history,source_history_incomplete_before_2009,29,29,29,29,14,14,0,0,0,0,0,,,,0,0,15
2008,2390,Miami,true,roster_present_with_identifiable_ol,2009,2010,false,censored_incomplete_pre_2009_history,source_history_incomplete_before_2009,32,32,32,32,26,26,0,0,1,1,0,,,,1,0,6
2008,2393,Middle Tennessee,true,roster_present_no_identifiable_ol,2009,2010,false,censored_incomplete_pre_2009_history,source_history_incomplete_before_2009,31,31,31,31,22,22,0,0,0,0,0,,,,0,0,9
2008,2426,Navy,true,roster_present_no_identifiable_ol,2009,2010,false,censored_incomplete_pre_2009_history,source_history_incomplete_before_2009,31,31,31,31,17,17,0,0,0,0,0,,,,0,0,17
2008,2433,UL Monroe,true,roster_present_with_identifiable_ol,2009,2010,false,censored_incomplete_pre_2009_history,source_history_incomplete_before_2009,26,26,26,26,19,19,0,0,1,1,0,,,,1,0,7
2008,2439,UNLV,true,roster_present_no_identifiable_ol,2009,2010,false,censored_incomplete_pre_2009_history,source_history_incomplete_before_2009,27,27,27,27,17,17,0,0,0,0,0,,,,0,0,10
2008,2440,Nevada,true,roster_present_no_identifiable_ol,2009,2010,false,censored_incomplete_pre_2009_history,source_history_incomplete_before_2009,32,32,32,32,21,21,0,0,0,0,0,,,,0,0,11
2008,2459,Northern Illinois,true,roster_present_with_identifiable_ol,2009,2010,false,censored_incomplete_pre_2009_history,source_history_incomplete_before_2009,34,34,34,34,22,22,0,0,1,1,0,,,,1,0,16
2008,2483,Oregon,true,roster_present_no_identifiable_ol,2009,2010,false,censored_incomplete_pre_2009_history,source_history_incomplete_before_2009,31,31,31,31,20,20,0,0,0,0,0,,,,0,0,13
2008,2509,Purdue,true,roster_present_with_identifiable_ol,2009,2010,false,censored_incomplete_pre_2009_history,source_history_incomplete_before_2009,35,35,35,35,22,22,0,0,1,1,0,,,,1,0,13
2008,2567,SMU,true,roster_present_no_identifiable_ol,2009,2010,false,censored_incomplete_pre_2009_history,source_history_incomplete_before_2009,27,27,27,27,22,22,0,0,0,0,0,,,,0,0,5
2008,2572,Southern Miss,true,roster_present_no_identifiable_ol,2009,2010,false,censored_incomplete_pre_2009_history,source_history_incomplete_before_2009,28,28,28,28,19,19,0,0,0,0,0,,,,0,0,9
2008,2579,South Carolina,true,roster_present_no_identifiable_ol,2009,2010,false,censored_incomplete_pre_2009_history,source_history_incomplete_before_2009,32,32,32,32,15,15,0,0,0,0,0,,,,0,0,19
2008,2628,TCU,true,roster_present_no_identifiable_ol,2009,2010,false,censored_incomplete_pre_2009_history,source_history_incomplete_before_2009,34,34,34,34,27,27,0,0,0,0,0,,,,0,0,11
2008,2633,Tennessee,true,roster_present_no_identifiable_ol,2009,2010,false,censored_incomplete_pre_2009_history,source_history_incomplete_before_2009,28,28,28,28,18,18,0,0,0,0,0,,,,0,0,11
2008,2638,UTEP,true,roster_present_no_identifiable_ol,2009,2010,false,censored_incomplete_pre_2009_history,source_history_incomplete_before_2009,34,34,34,34,26,26,0,0,0,0,0,,,,0,0,8
2008,2641,Texas Tech,true,roster_present_no_identifiable_ol,2009,2010,false,censored_incomplete_pre_2009_history,source_history_incomplete_before_2009,30,30,30,30,19,19,0,0,0,0,0,,,,0,0,11
2008,2649,Toledo,true,roster_present_no_identifiable_ol,2009,2010,false,censored_incomplete_pre_2009_history,source_history_incomplete_before_2009,24,24,24,24,20,20,0,0,0,0,0,,,,0,0,4
2008,2653,Troy,true,roster_present_no_identifiable_ol,2009,2010,false,censored_incomplete_pre_2009_history,source_history_incomplete_before_2009,36,36,36,36,25,25,0,0,0,0,0,,,,0,0,11
2008,2655,Tulane,true,roster_present_no_identifiable_ol,2009,2010,false,censored_incomplete_pre_2009_history,source_history_incomplete_before_2009,34,34,34,34,20,20,0,0,0,0,0,,,,0,0,14
2008,2711,Western Michigan,true,roster_present_no_identifiable_ol,2009,2010,false,censored_incomplete_pre_2009_history,source_history_incomplete_before_2009,30,30,30,30,19,19,0,0,0,0,0,,,,0,0,12
2008,2751,Wyoming,true,roster_present_no_identifiable_ol,2009,2010,false,censored_incomplete_pre_2009_history,source_history_incomplete_before_2009,30,30,30,30,19,19,0,0,0,0,0,,,,0,0,12
2009,2,Auburn,true,roster_present_with_identifiable_ol,2009,2010,false,censored_incomplete_pre_2009_history,source_history_incomplete_before_2009,108,108,108,108,108,108,0,0,19,19,0,,,,19,0,4
2009,5,UAB,true,roster_present_with_identifiable_ol,2009,2010,false,censored_incomplete_pre_2009_history,source_history_incomplete_before_2009,99,99,99,99,99,99,0,0,16,16,0,,,,16,0,1
2009,8,Arkansas,true,roster_present_with_identifiable_ol,2009,2010,false,censored_incomplete_pre_2009_history,source_history_incomplete_before_2009,102,102,102,102,102,102,0,0,17,17,0,,,,17,0,4
2009,9,Arizona State,true,roster_present_with_identifiable_ol,2009,2010,false,censored_incomplete_pre_2009_history,source_history_incomplete_before_2009,106,106,106,106,106,106,0,0,19,19,0,,,,19,0,1
2009,12,Arizona,true,roster_present_with_identifiable_ol,2009,2010,false,censored_incomplete_pre_2009_history,source_history_incomplete_before_2009,104,104,104,104,104,104,0,0,21,21,0,,,,21,0,1
2009,21,San Diego State,true,roster_present_with_identifiable_ol,2009,2010,false,censored_incomplete_pre_2009_history,source_history_incomplete_before_2009,109,109,109,109,108,108,0,0,17,17,0,,,,17,0,1
2009,23,San José State,true,roster_present_with_identifiable_ol,2009,2010,false,censored_incomplete_pre_2009_history,source_history_incomplete_before_2009,103,103,103,103,103,102,0,0,19,19,0,,,,19,0,0
2009,24,Stanford,true,roster_present_with_identifiable_ol,2009,2010,false,censored_incomplete_pre_2009_history,source_history_incomplete_before_2009,99,99,99,99,98,97,0,0,17,17,0,,,,17,0,6
2009,25,California,true,roster_present_with_identifiable_ol,2009,2010,false,censored_incomplete_pre_2009_history,source_history_incomplete_before_2009,108,108,108,108,107,107,0,0,20,20,0,,,,20,0,7
2009,26,UCLA,true,roster_present_with_identifiable_ol,2009,2010,false,censored_incomplete_pre_2009_history,source_history_incomplete_before_2009,113,113,113,113,113,113,0,0,16,16,0,,,,16,0,14
2009,30,USC,true,roster_present_with_identifiable_ol,2009,2010,false,censored_incomplete_pre_2009_history,source_history_incomplete_before_2009,107,107,107,107,107,107,0,0,16,16,0,,,,16,0,7
2009,36,Colorado State,true,roster_present_with_identifiable_ol,2009,2010,false,censored_incomplete_pre_2009_history,source_history_incomplete_before_2009,106,106,106,106,106,106,0,0,18,18,0,,,,18,0,0
2009,38,Colorado,true,roster_present_with_identifiable_ol,2009,2010,false,censored_incomplete_pre_2009_history,source_history_incomplete_before_2009,108,108,108,108,107,106,0,0,14,14,0,,,,14,0,8
2009,41,UConn,true,roster_present_with_identifiable_ol,2009,2010,false,censored_incomplete_pre_2009_history,source_history_incomplete_before_2009,95,95,95,95,95,95,0,0,19,19,0,,,,19,0,6
2009,52,Florida State,true,roster_present_with_identifiable_ol,2009,2010,false,censored_incomplete_pre_2009_history,source_history_incomplete_before_2009,102,102,102,102,102,102,0,0,16,16,0,,,,16,0,3
2009,57,Florida,true,roster_present_with_identifiable_ol,2009,2010,false,censored_incomplete_pre_2009_history,source_history_incomplete_before_2009,108,108,108,108,107,107,0,0,15,15,0,,,,15,0,4
2009,58,South Florida,true,roster_present_with_identifiable_ol,2009,2010,false,censored_incomplete_pre_2009_history,source_history_incomplete_before_2009,104,104,104,104,104,104,0,0,15,15,0,,,,15,0,0
2009,59,Georgia Tech,true,roster_present_with_identifiable_ol,2009,2010,false,censored_incomplete_pre_2009_history,source_history_incomplete_before_2009,121,121,121,121,121,119,0,0,22,22,0,,,,22,0,0
2009,61,Georgia,true,roster_present_with_identifiable_ol,2009,2010,false,censored_incomplete_pre_2009_history,source_history_incomplete_before_2009,129,129,129,129,129,128,0,0,19,19,0,,,,19,0,34
2009,62,Hawai'i,true,roster_present_with_identifiable_ol,2009,2010,false,censored_incomplete_pre_2009_history,source_history_incomplete_before_2009,115,115,115,115,115,112,0,0,24,24,0,,,,24,0,0
2009,66,Iowa State,true,roster_present_with_identifiable_ol,2009,2010,false,censored_incomplete_pre_2009_history,source_history_incomplete_before_2009,108,108,108,108,108,108,0,0,16,16,0,,,,16,0,4
2009,68,Boise State,true,roster_present_with_identifiable_ol,2009,2010,false,censored_incomplete_pre_2009_history,source_history_incomplete_before_2009,105,105,105,105,105,102,0,0,18,18,0,,,,18,0,0
2009,70,Idaho,true,roster_present_no_identifiable_ol,2009,2010,false,censored_incomplete_pre_2009_history,source_history_incomplete_before_2009,26,26,26,26,0,0,0,0,0,0,0,,,,0,0,26
2009,77,Northwestern,true,roster_present_with_identifiable_ol,2009,2010,false,censored_incomplete_pre_2009_history,source_history_incomplete_before_2009,100,100,100,100,100,100,0,0,14,14,0,,,,14,0,10
2009,84,Indiana,true,roster_present_with_identifiable_ol,2009,2010,false,censored_incomplete_pre_2009_history,source_history_incomplete_before_2009,104,104,104,104,104,104,0,0,17,17,0,,,,17,0,0
2009,87,Notre Dame,true,roster_present_with_identifiable_ol,2009,2010,false,censored_incomplete_pre_2009_history,source_history_incomplete_before_2009,104,104,104,104,103,103,0,0,19,19,0,,,,19,0,7
2009,96,Kentucky,true,roster_present_with_identifiable_ol,2009,2010,false,censored_incomplete_pre_2009_history,source_history_incomplete_before_2009,111,111,111,111,110,110,0,0,20,20,0,,,,20,0,14
2009,97,Louisville,true,roster_present_with_identifiable_ol,2009,2010,false,censored_incomplete_pre_2009_history,source_history_incomplete_before_2009,106,106,106,106,105,105,0,0,16,16,0,,,,16,0,1
2009,98,Western Kentucky,true,roster_present_with_identifiable_ol,2009,2010,false,censored_incomplete_pre_2009_history,source_history_incomplete_before_2009,108,108,108,108,107,107,0,0,22,22,0,,,,22,0,1
2009,99,LSU,true,roster_present_with_identifiable_ol,2009,2010,false,censored_incomplete_pre_2009_history,source_history_incomplete_before_2009,130,130,130,130,129,125,0,0,20,20,0,,,,20,0,2
2009,103,Boston College,true,roster_present_with_identifiable_ol,2009,2010,false,censored_incomplete_pre_2009_history,source_history_incomplete_before_2009,94,94,94,94,92,92,0,0,14,14,0,,,,14,0,7
2009,120,Maryland,true,roster_present_with_identifiable_ol,2009,2010,false,censored_incomplete_pre_2009_history,source_history_incomplete_before_2009,115,115,115,115,115,115,0,0,23,23,0,,,,23,0,0
2009,127,Michigan State,true,roster_present_with_identifiable_ol,2009,2010,false,censored_incomplete_pre_2009_history,source_history_incomplete_before_2009,106,106,106,106,105,105,0,0,20,20,0,,,,20,0,1
2009,130,Michigan,true,roster_present_with_identifiable_ol,2009,2010,false,censored_incomplete_pre_2009_history,source_history_incomplete_before_2009,124,124,124,124,124,124,0,0,19,19,0,,,,19,0,0
2009,135,Minnesota,true,roster_present_with_identifiable_ol,2009,2010,false,censored_incomplete_pre_2009_history,source_history_incomplete_before_2009,102,102,102,102,101,101,0,0,16,16,0,,,,16,0,1
2009,142,Missouri,true,roster_present_with_identifiable_ol,2009,2010,false,censored_incomplete_pre_2009_history,source_history_incomplete_before_2009,114,114,114,114,113,113,0,0,23,23,0,,,,23,0,9
2009,145,Ole Miss,true,roster_present_with_identifiable_ol,2009,2010,false,censored_incomplete_pre_2009_history,source_history_incomplete_before_2009,123,123,123,123,123,123,0,0,16,16,0,,,,16,0,1
2009,150,Duke,true,roster_present_with_identifiable_ol,2009,2010,false,censored_incomplete_pre_2009_history,source_history_incomplete_before_2009,96,96,96,96,96,96,0,0,18,18,0,,,,18,0,2
2009,151,East Carolina,true,roster_present_with_identifiable_ol,2009,2010,false,censored_incomplete_pre_2009_history,source_history_incomplete_before_2009,116,116,116,116,116,115,0,0,21,21,0,,,,21,0,3
2009,152,NC State,true,roster_present_with_identifiable_ol,2009,2010,false,censored_incomplete_pre_2009_history,source_history_incomplete_before_2009,112,112,112,112,111,107,0,0,18,18,0,,,,18,0,11
2009,153,North Carolina,true,roster_present_with_identifiable_ol,2009,2010,false,censored_incomplete_pre_2009_history,source_history_incomplete_before_2009,101,101,101,101,100,100,0,0,16,16,0,,,,16,0,7
2009,154,Wake Forest,true,roster_present_with_identifiable_ol,2009,2010,false,censored_incomplete_pre_2009_history,source_history_incomplete_before_2009,105,105,105,105,104,104,0,0,19,19,0,,,,19,0,16
2009,158,Nebraska,true,roster_present_with_identifiable_ol,2009,2010,false,censored_incomplete_pre_2009_history,source_history_incomplete_before_2009,139,139,139,139,139,139,0,0,24,24,0,,,,24,0,0
2009,164,Rutgers,true,roster_present_with_identifiable_ol,2009,2010,false,censored_incomplete_pre_2009_history,source_history_incomplete_before_2009,110,110,110,110,108,108,0,0,19,19,0,,,,19,0,2
2009,166,New Mexico State,true,roster_present_with_identifiable_ol,2009,2010,false,censored_incomplete_pre_2009_history,source_history_incomplete_before_2009,93,93,93,93,93,93,0,0,18,18,0,,,,18,0,6
2009,167,New Mexico,true,roster_present_with_identifiable_ol,2009,2010,false,censored_incomplete_pre_2009_history,source_history_incomplete_before_2009,102,102,102,102,102,89,0,0,18,18,0,,,,18,0,3
2009,183,Syracuse,true,roster_present_with_identifiable_ol,2009,2010,false,censored_incomplete_pre_2009_history,source_history_incomplete_before_2009,78,78,78,78,77,77,0,0,14,14,0,,,,14,0,9
2009,189,Bowling Green,true,roster_present_with_identifiable_ol,2009,2010,false,censored_incomplete_pre_2009_history,source_history_incomplete_before_2009,98,98,98,98,97,97,0,0,16,16,0,,,,16,0,3
2009,193,Miami (OH),true,roster_present_with_identifiable_ol,2009,2010,false,censored_incomplete_pre_2009_history,source_history_incomplete_before_2009,104,104,104,104,103,103,0,0,18,18,0,,,,18,0,2
2009,194,Ohio State,true,roster_present_with_identifiable_ol,2009,2010,false,censored_incomplete_pre_2009_history,source_history_incomplete_before_2009,115,115,115,115,113,113,0,0,18,18,0,,,,18,0,3
2009,195,Ohio,true,roster_present_with_identifiable_ol,2009,2010,false,censored_incomplete_pre_2009_history,source_history_incomplete_before_2009,108,108,108,108,107,107,0,0,18,18,0,,,,18,0,1
2009,197,Oklahoma State,true,roster_present_with_identifiable_ol,2009,2010,false,censored_incomplete_pre_2009_history,source_history_incomplete_before_2009,113,113,113,113,113,113,0,0,20,20,0,,,,20,0,1
2009,201,Oklahoma,true,roster_present_with_identifiable_ol,2009,2010,false,censored_incomplete_pre_2009_history,source_history_incomplete_before_2009,106,106,106,106,105,105,0,0,17,17,0,,,,17,0,5
2009,202,Tulsa,true,roster_present_with_identifiable_ol,2009,2010,false,censored_incomplete_pre_2009_history,source_history_incomplete_before_2009,92,92,92,92,90,90,0,0,17,17,0,,,,17,0,9
2009,204,Oregon State,true,roster_present_with_identifiable_ol,2009,2010,false,censored_incomplete_pre_2009_history,source_history_incomplete_before_2009,111,111,111,111,111,111,0,0,19,19,0,,,,19,0,0
2009,213,Penn State,true,roster_present_with_identifiable_ol,2009,2010,false,censored_incomplete_pre_2009_history,source_history_incomplete_before_2009,121,121,121,121,118,118,0,0,21,21,0,,,,21,0,7
2009,218,Temple,true,roster_present_with_identifiable_ol,2009,2010,false,censored_incomplete_pre_2009_history,source_history_incomplete_before_2009,108,108,108,108,107,107,0,0,20,20,0,,,,20,0,1
2009,221,Pittsburgh,true,roster_present_with_identifiable_ol,2009,2010,false,censored_incomplete_pre_2009_history,source_history_incomplete_before_2009,92,92,92,92,90,90,0,0,20,20,0,,,,20,0,2
2009,228,Clemson,true,roster_present_with_identifiable_ol,2009,2010,false,censored_incomplete_pre_2009_history,source_history_incomplete_before_2009,89,89,89,89,89,89,0,0,18,18,0,,,,18,0,0
2009,235,Memphis,true,roster_present_with_identifiable_ol,2009,2010,false,censored_incomplete_pre_2009_history,source_history_incomplete_before_2009,99,99,99,99,97,97,0,0,18,18,0,,,,18,0,5
2009,238,Vanderbilt,true,roster_present_with_identifiable_ol,2009,2010,false,censored_incomplete_pre_2009_history,source_history_incomplete_before_2009,102,102,102,102,102,102,0,0,17,17,0,,,,17,0,2
2009,239,Baylor,true,roster_present_with_identifiable_ol,2009,2010,false,censored_incomplete_pre_2009_history,source_history_incomplete_before_2009,111,111,111,111,109,109,0,0,18,18,0,,,,18,0,5
2009,242,Rice,true,roster_present_with_identifiable_ol,2009,2010,false,censored_incomplete_pre_2009_history,source_history_incomplete_before_2009,94,94,94,94,94,94,0,0,14,14,0,,,,14,0,1
2009,245,Texas A&M,true,roster_present_with_identifiable_ol,2009,2010,false,censored_incomplete_pre_2009_history,source_history_incomplete_before_2009,118,118,118,118,117,117,0,0,19,19,0,,,,19,0,3
2009,248,Houston,true,roster_present_with_identifiable_ol,2009,2010,false,censored_incomplete_pre_2009_history,source_history_incomplete_before_2009,97,97,97,97,97,97,0,0,16,16,0,,,,16,0,1
2009,249,North Texas,true,roster_present_with_identifiable_ol,2009,2010,false,censored_incomplete_pre_2009_history,source_history_incomplete_before_2009,98,98,98,98,98,98,0,0,23,23,0,,,,23,0,0
2009,251,Texas,true,roster_present_with_identifiable_ol,2009,2010,false,censored_incomplete_pre_2009_history,source_history_incomplete_before_2009,109,109,109,109,107,107,0,0,18,18,0,,,,18,0,7
2009,252,BYU,true,roster_present_with_identifiable_ol,2009,2010,false,censored_incomplete_pre_2009_history,source_history_incomplete_before_2009,104,104,104,104,102,101,0,0,15,15,0,,,,15,0,3
2009,254,Utah,true,roster_present_with_identifiable_ol,2009,2010,false,censored_incomplete_pre_2009_history,source_history_incomplete_before_2009,110,110,110,110,110,110,0,0,17,17,0,,,,17,0,1
2009,258,Virginia,true,roster_present_with_identifiable_ol,2009,2010,false,censored_incomplete_pre_2009_history,source_history_incomplete_before_2009,110,110,110,110,110,110,0,0,18,18,0,,,,18,0,8
2009,259,Virginia Tech,true,roster_present_with_identifiable_ol,2009,2010,false,censored_incomplete_pre_2009_history,source_history_incomplete_before_2009,119,119,119,119,117,95,0,0,19,19,0,,,,19,0,28
2009,264,Washington,true,roster_present_with_identifiable_ol,2009,2010,false,censored_incomplete_pre_2009_history,source_history_incomplete_before_2009,97,97,97,97,97,97,0,0,15,15,0,,,,15,0,7
2009,265,Washington State,true,roster_present_with_identifiable_ol,2009,2010,false,censored_incomplete_pre_2009_history,source_history_incomplete_before_2009,108,108,108,108,108,108,0,0,22,22,0,,,,22,0,0
2009,275,Wisconsin,true,roster_present_with_identifiable_ol,2009,2010,false,censored_incomplete_pre_2009_history,source_history_incomplete_before_2009,113,113,113,113,113,113,0,0,19,19,0,,,,19,0,0
2009,276,Marshall,true,roster_present_with_identifiable_ol,2009,2010,false,censored_incomplete_pre_2009_history,source_history_incomplete_before_2009,103,103,103,103,103,103,0,0,16,16,0,,,,16,0,0
2009,277,West Virginia,true,roster_present_with_identifiable_ol,2009,2010,false,censored_incomplete_pre_2009_history,source_history_incomplete_before_2009,112,112,112,112,111,111,0,0,18,18,0,,,,18,0,2
2009,278,Fresno State,true,roster_present_with_identifiable_ol,2009,2010,false,censored_incomplete_pre_2009_history,source_history_incomplete_before_2009,102,102,102,102,102,102,0,0,15,15,0,,,,15,0,3
2009,309,Louisiana,true,roster_present_with_identifiable_ol,2009,2010,false,censored_incomplete_pre_2009_history,source_history_incomplete_before_2009,106,106,106,106,105,93,0,0,20,20,0,,,,20,0,8
2009,328,Utah State,true,roster_present_with_identifiable_ol,2009,2010,false,censored_incomplete_pre_2009_history,source_history_incomplete_before_2009,100,100,100,100,100,100,0,0,17,17,0,,,,17,0,0
2009,333,Alabama,true,roster_present_with_identifiable_ol,2009,2010,false,censored_incomplete_pre_2009_history,source_history_incomplete_before_2009,104,104,104,104,104,104,0,0,17,17,0,,,,17,0,3
2009,344,Mississippi State,true,roster_present_with_identifiable_ol,2009,2010,false,censored_incomplete_pre_2009_history,source_history_incomplete_before_2009,102,102,102,102,100,100,0,0,16,16,0,,,,16,0,9
2009,349,Army,true,roster_present_with_identifiable_ol,2009,2010,false,censored_incomplete_pre_2009_history,source_history_incomplete_before_2009,146,146,146,146,146,145,0,0,35,35,0,,,,35,0,11
2009,356,Illinois,true,roster_present_with_identifiable_ol,2009,2010,false,censored_incomplete_pre_2009_history,source_history_incomplete_before_2009,101,101,101,101,101,101,0,0,17,17,0,,,,17,0,0
2009,2005,Air Force,true,roster_present_with_identifiable_ol,2009,2010,false,censored_incomplete_pre_2009_history,source_history_incomplete_before_2009,100,100,100,100,96,96,0,0,13,13,0,,,,13,0,29
2009,2006,Akron,true,roster_present_with_identifiable_ol,2009,2010,false,censored_incomplete_pre_2009_history,source_history_incomplete_before_2009,104,104,104,104,104,104,0,0,18,18,0,,,,18,0,0
2009,2032,Arkansas State,true,roster_present_with_identifiable_ol,2009,2010,false,censored_incomplete_pre_2009_history,source_history_incomplete_before_2009,97,97,97,97,97,93,0,0,18,18,0,,,,18,0,6
2009,2050,Ball State,true,roster_present_with_identifiable_ol,2009,2010,false,censored_incomplete_pre_2009_history,source_history_incomplete_before_2009,94,94,94,94,94,94,0,0,15,15,0,,,,15,0,15
2009,2084,Buffalo,true,roster_present_with_identifiable_ol,2009,2010,false,censored_incomplete_pre_2009_history,source_history_incomplete_before_2009,93,93,93,93,93,93,0,0,17,17,0,,,,17,0,0
2009,2116,UCF,true,roster_present_with_identifiable_ol,2009,2010,false,censored_incomplete_pre_2009_history,source_history_incomplete_before_2009,94,94,94,94,93,93,0,0,16,16,0,,,,16,0,5
2009,2117,Central Michigan,true,roster_present_with_identifiable_ol,2009,2010,false,censored_incomplete_pre_2009_history,source_history_incomplete_before_2009,98,98,98,98,98,98,0,0,17,17,0,,,,17,0,0
2009,2132,Cincinnati,true,roster_present_with_identifiable_ol,2009,2010,false,censored_incomplete_pre_2009_history,source_history_incomplete_before_2009,105,105,105,105,105,105,0,0,18,18,0,,,,18,0,1
2009,2199,Eastern Michigan,true,roster_present_with_identifiable_ol,2009,2010,false,censored_incomplete_pre_2009_history,source_history_incomplete_before_2009,95,95,95,95,94,94,0,0,14,14,0,,,,14,0,1
2009,2226,Florida Atlantic,true,roster_present_with_identifiable_ol,2009,2010,false,censored_incomplete_pre_2009_history,source_history_incomplete_before_2009,115,115,115,115,113,108,0,0,24,24,0,,,,24,0,3
2009,2229,Florida International,true,roster_present_with_identifiable_ol,2009,2010,false,censored_incomplete_pre_2009_history,source_history_incomplete_before_2009,96,96,96,96,96,96,0,0,18,18,0,,,,18,0,3
2009,2294,Iowa,true,roster_present_with_identifiable_ol,2009,2010,false,censored_incomplete_pre_2009_history,source_history_incomplete_before_2009,112,112,112,112,110,110,0,0,21,21,0,,,,21,0,3
2009,2305,Kansas,true,roster_present_with_identifiable_ol,2009,2010,false,censored_incomplete_pre_2009_history,source_history_incomplete_before_2009,98,98,98,98,98,98,0,0,14,14,0,,,,14,0,0
2009,2306,Kansas State,true,roster_present_with_identifiable_ol,2009,2010,false,censored_incomplete_pre_2009_history,source_history_incomplete_before_2009,121,121,121,121,120,120,0,0,19,19,0,,,,19,0,1
2009,2309,Kent State,true,roster_present_with_identifiable_ol,2009,2010,false,censored_incomplete_pre_2009_history,source_history_incomplete_before_2009,103,103,103,103,103,103,0,0,15,15,0,,,,15,0,1
2009,2348,Louisiana Tech,true,roster_present_with_identifiable_ol,2009,2010,false,censored_incomplete_pre_2009_history,source_history_incomplete_before_2009,100,100,100,100,99,99,0,0,17,17,0,,,,17,0,3
2009,2390,Miami,true,roster_present_with_identifiable_ol,2009,2010,false,censored_incomplete_pre_2009_history,source_history_incomplete_before_2009,86,86,86,86,86,84,0,0,13,13,0,,,,13,0,0
2009,2393,Middle Tennessee,true,roster_present_with_identifiable_ol,2009,2010,false,censored_incomplete_pre_2009_history,source_history_incomplete_before_2009,99,99,99,99,98,93,0,0,18,18,0,,,,18,0,3
2009,2426,Navy,true,roster_present_with_identifiable_ol,2009,2010,false,censored_incomplete_pre_2009_history,source_history_incomplete_before_2009,166,166,166,166,166,166,0,0,34,34,0,,,,34,0,17
2009,2433,UL Monroe,true,roster_present_with_identifiable_ol,2009,2010,false,censored_incomplete_pre_2009_history,source_history_incomplete_before_2009,100,100,100,100,100,99,0,0,13,13,0,,,,13,0,2
2009,2439,UNLV,true,roster_present_with_identifiable_ol,2009,2010,false,censored_incomplete_pre_2009_history,source_history_incomplete_before_2009,88,88,88,88,85,82,0,0,16,16,0,,,,16,0,3
2009,2440,Nevada,true,roster_present_with_identifiable_ol,2009,2010,false,censored_incomplete_pre_2009_history,source_history_incomplete_before_2009,102,102,102,102,100,100,0,0,16,16,0,,,,16,0,2
2009,2459,Northern Illinois,true,roster_present_with_identifiable_ol,2009,2010,false,censored_incomplete_pre_2009_history,source_history_incomplete_before_2009,106,106,106,106,106,106,0,0,13,13,0,,,,13,0,11
2009,2483,Oregon,true,roster_present_with_identifiable_ol,2009,2010,false,censored_incomplete_pre_2009_history,source_history_incomplete_before_2009,105,105,105,105,104,104,0,0,19,19,0,,,,19,0,11
2009,2509,Purdue,true,roster_present_with_identifiable_ol,2009,2010,false,censored_incomplete_pre_2009_history,source_history_incomplete_before_2009,107,107,107,107,107,107,0,0,20,20,0,,,,20,0,0
2009,2567,SMU,true,roster_present_with_identifiable_ol,2009,2010,false,censored_incomplete_pre_2009_history,source_history_incomplete_before_2009,97,97,97,97,97,96,0,0,16,16,0,,,,16,0,2
2009,2572,Southern Miss,true,roster_present_with_identifiable_ol,2009,2010,false,censored_incomplete_pre_2009_history,source_history_incomplete_before_2009,106,106,106,106,105,105,0,0,18,18,0,,,,18,0,1
2009,2579,South Carolina,true,roster_present_with_identifiable_ol,2009,2010,false,censored_incomplete_pre_2009_history,source_history_incomplete_before_2009,97,97,97,97,97,97,0,0,18,18,0,,,,18,0,13
2009,2628,TCU,true,roster_present_with_identifiable_ol,2009,2010,false,censored_incomplete_pre_2009_history,source_history_incomplete_before_2009,105,105,105,105,105,105,0,0,21,21,0,,,,21,0,9
2009,2633,Tennessee,true,roster_present_with_identifiable_ol,2009,2010,false,censored_incomplete_pre_2009_history,source_history_incomplete_before_2009,109,109,109,109,109,107,0,0,19,19,0,,,,19,0,4
2009,2638,UTEP,true,roster_present_with_identifiable_ol,2009,2010,false,censored_incomplete_pre_2009_history,source_history_incomplete_before_2009,109,109,109,109,109,109,0,0,19,19,0,,,,19,0,0
2009,2641,Texas Tech,true,roster_present_with_identifiable_ol,2009,2010,false,censored_incomplete_pre_2009_history,source_history_incomplete_before_2009,106,106,106,106,106,106,0,0,17,17,0,,,,17,0,2
2009,2649,Toledo,true,roster_present_with_identifiable_ol,2009,2010,false,censored_incomplete_pre_2009_history,source_history_incomplete_before_2009,89,89,89,89,89,89,0,0,14,14,0,,,,14,0,1
2009,2653,Troy,true,roster_present_with_identifiable_ol,2009,2010,false,censored_incomplete_pre_2009_history,source_history_incomplete_before_2009,120,120,120,120,120,120,0,0,18,18,0,,,,18,0,0
2009,2655,Tulane,true,roster_present_with_identifiable_ol,2009,2010,false,censored_incomplete_pre_2009_history,source_history_incomplete_before_2009,91,91,91,91,90,90,0,0,15,15,0,,,,15,0,2
2009,2711,Western Michigan,true,roster_present_with_identifiable_ol,2009,2010,false,censored_incomplete_pre_2009_history,source_history_incomplete_before_2009,100,100,100,100,100,100,0,0,14,14,0,,,,14,0,9
2009,2751,Wyoming,true,roster_present_with_identifiable_ol,2009,2010,false,censored_incomplete_pre_2009_history,source_history_incomplete_before_2009,98,98,98,98,98,98,0,0,19,19,0,,,,19,0,13
2010,2,Auburn,true,roster_present_with_identifiable_ol,2009,2010,true,evaluable_complete_history_window,,117,117,117,117,116,116,0,0,23,23,0,13,10,13,23,0,5
2010,5,UAB,true,roster_present_with_identifiable_ol,2009,2010,true,evaluable_complete_history_window,,90,90,90,90,90,90,0,0,13,13,0,7,6,7,13,0,0
2010,8,Arkansas,true,roster_present_with_identifiable_ol,2009,2010,true,evaluable_complete_history_window,,121,121,121,121,121,119,0,0,21,21,0,14,7,14,21,0,1
2010,9,Arizona State,true,roster_present_with_identifiable_ol,2009,2010,true,evaluable_complete_history_window,,114,114,114,114,114,114,0,0,19,19,0,10,9,10,19,0,1
2010,12,Arizona,true,roster_present_with_identifiable_ol,2009,2010,true,evaluable_complete_history_window,,104,104,104,104,104,104,0,0,20,20,0,14,6,14,20,0,2
2010,21,San Diego State,true,roster_present_with_identifiable_ol,2009,2010,true,evaluable_complete_history_window,,105,105,105,105,105,105,0,0,18,18,0,12,6,12,18,0,0
2010,23,San José State,true,roster_present_with_identifiable_ol,2009,2010,true,evaluable_complete_history_window,,105,105,105,105,104,103,0,0,19,19,0,14,5,14,19,0,1
2010,24,Stanford,true,roster_present_with_identifiable_ol,2009,2010,true,evaluable_complete_history_window,,106,106,106,106,106,106,0,0,17,17,0,11,6,11,17,0,9
2010,25,California,true,roster_present_with_identifiable_ol,2009,2010,true,evaluable_complete_history_window,,110,110,110,110,109,109,0,0,18,18,0,13,5,13,18,0,6
2010,26,UCLA,true,roster_present_with_identifiable_ol,2009,2010,true,evaluable_complete_history_window,,117,117,117,117,117,117,0,0,19,19,0,11,8,11,19,0,12
2010,30,USC,true,roster_present_with_identifiable_ol,2009,2010,true,evaluable_complete_history_window,,108,108,108,108,106,106,0,0,15,15,0,11,4,11,15,0,9
2010,36,Colorado State,true,roster_present_with_identifiable_ol,2009,2010,true,evaluable_complete_history_window,,104,104,104,104,104,104,0,0,17,17,0,13,4,13,17,0,0
2010,38,Colorado,true,roster_present_with_identifiable_ol,2009,2010,true,evaluable_complete_history_window,,104,104,104,104,104,103,0,0,17,17,0,14,3,14,17,0,8
2010,41,UConn,true,roster_present_with_identifiable_ol,2009,2010,true,evaluable_complete_history_window,,97,97,97,97,97,97,0,0,16,16,0,12,4,12,16,0,6
2010,52,Florida State,true,roster_present_with_identifiable_ol,2009,2010,true,evaluable_complete_history_window,,94,94,94,94,93,93,0,0,16,16,0,14,2,14,16,0,4
2010,57,Florida,true,roster_present_with_identifiable_ol,2009,2010,true,evaluable_complete_history_window,,110,110,110,110,109,109,0,0,15,15,0,11,4,11,15,0,4
2010,58,South Florida,true,roster_present_with_identifiable_ol,2009,2010,true,evaluable_complete_history_window,,115,115,115,115,114,114,0,0,16,16,0,12,4,12,16,0,1
2010,59,Georgia Tech,true,roster_present_with_identifiable_ol,2009,2010,true,evaluable_complete_history_window,,117,117,117,117,117,117,0,0,17,17,0,12,5,12,17,0,0
2010,61,Georgia,true,roster_present_with_identifiable_ol,2009,2010,true,evaluable_complete_history_window,,127,127,127,127,127,127,0,0,19,19,0,14,5,14,19,0,35
2010,62,Hawai'i,true,roster_present_with_identifiable_ol,2009,2010,true,evaluable_complete_history_window,,113,113,113,113,113,113,0,0,24,24,0,15,9,15,24,0,0
2010,66,Iowa State,true,roster_present_with_identifiable_ol,2009,2010,true,evaluable_complete_history_window,,116,116,116,116,116,116,0,0,18,18,0,13,5,13,18,0,3
2010,68,Boise State,true,roster_present_with_identifiable_ol,2009,2010,true,evaluable_complete_history_window,,112,112,112,112,112,107,0,0,18,18,0,17,1,17,18,0,1
2010,70,Idaho,true,roster_present_no_identifiable_ol,2009,2010,true,evaluable_complete_history_window,,34,34,34,34,2,0,0,0,0,0,0,0,0,0,0,0,32
2010,77,Northwestern,true,roster_present_with_identifiable_ol,2009,2010,true,evaluable_complete_history_window,,103,103,103,103,103,103,0,0,14,14,0,11,3,11,14,0,10
2010,84,Indiana,true,roster_present_with_identifiable_ol,2009,2010,true,evaluable_complete_history_window,,114,114,114,114,114,114,0,0,18,18,0,12,6,12,18,0,0
2010,87,Notre Dame,true,roster_present_with_identifiable_ol,2009,2010,true,evaluable_complete_history_window,,104,104,104,104,103,103,0,0,18,18,0,13,5,13,18,0,11
2010,96,Kentucky,true,roster_present_with_identifiable_ol,2009,2010,true,evaluable_complete_history_window,,115,115,115,115,114,114,0,0,20,20,0,13,7,13,20,0,9
2010,97,Louisville,true,roster_present_with_identifiable_ol,2009,2010,true,evaluable_complete_history_window,,110,110,110,110,109,109,0,0,19,19,0,15,4,15,19,0,1
2010,98,Western Kentucky,true,roster_present_with_identifiable_ol,2009,2010,true,evaluable_complete_history_window,,102,102,102,102,101,101,0,0,16,16,0,11,5,11,16,0,2
2010,99,LSU,true,roster_present_with_identifiable_ol,2009,2010,true,evaluable_complete_history_window,,123,123,123,123,123,112,0,0,16,16,0,12,4,12,16,0,0
2010,103,Boston College,true,roster_present_with_identifiable_ol,2009,2010,true,evaluable_complete_history_window,,103,103,103,103,102,102,0,0,16,16,0,11,5,11,16,0,4
2010,120,Maryland,true,roster_present_with_identifiable_ol,2009,2010,true,evaluable_complete_history_window,,113,113,113,113,110,110,0,0,19,19,0,14,5,14,19,0,4
2010,127,Michigan State,true,roster_present_with_identifiable_ol,2009,2010,true,evaluable_complete_history_window,,107,107,107,107,106,106,0,0,20,20,0,16,4,16,20,0,1
2010,130,Michigan,true,roster_present_with_identifiable_ol,2009,2010,true,evaluable_complete_history_window,,122,122,122,122,122,122,0,0,14,14,0,12,2,12,14,0,0
2010,135,Minnesota,true,roster_present_with_identifiable_ol,2009,2010,true,evaluable_complete_history_window,,106,106,106,106,106,106,0,0,20,20,0,12,8,12,20,0,0
2010,142,Missouri,true,roster_present_with_identifiable_ol,2009,2010,true,evaluable_complete_history_window,,109,109,109,109,109,109,0,0,23,23,0,16,7,16,23,0,8
2010,145,Ole Miss,true,roster_present_with_identifiable_ol,2009,2010,true,evaluable_complete_history_window,,119,119,119,119,119,119,0,0,18,18,0,11,7,11,18,0,1
2010,150,Duke,true,roster_present_with_identifiable_ol,2009,2010,true,evaluable_complete_history_window,,103,103,103,103,102,101,0,0,17,17,0,14,3,14,17,0,6
2010,151,East Carolina,true,roster_present_with_identifiable_ol,2009,2010,true,evaluable_complete_history_window,,111,111,111,111,111,109,0,0,20,20,0,14,6,14,20,0,3
2010,152,NC State,true,roster_present_with_identifiable_ol,2009,2010,true,evaluable_complete_history_window,,109,109,109,109,106,106,0,0,18,18,0,10,8,10,18,0,8
2010,153,North Carolina,true,roster_present_with_identifiable_ol,2009,2010,true,evaluable_complete_history_window,,98,98,98,98,97,97,0,0,17,17,0,12,5,12,17,0,9
2010,154,Wake Forest,true,roster_present_with_identifiable_ol,2009,2010,true,evaluable_complete_history_window,,102,102,102,102,102,102,0,0,18,18,0,14,4,14,18,0,19
2010,158,Nebraska,true,roster_present_with_identifiable_ol,2009,2010,true,evaluable_complete_history_window,,152,152,152,152,152,152,0,0,26,26,0,19,7,19,26,0,0
2010,164,Rutgers,true,roster_present_with_identifiable_ol,2009,2010,true,evaluable_complete_history_window,,104,104,104,104,103,103,0,0,20,20,0,12,8,12,20,0,1
2010,166,New Mexico State,true,roster_present_with_identifiable_ol,2009,2010,true,evaluable_complete_history_window,,102,102,102,102,102,102,0,0,16,16,0,9,7,9,16,0,10
2010,167,New Mexico,true,roster_present_with_identifiable_ol,2009,2010,true,evaluable_complete_history_window,,94,94,94,94,94,93,0,0,16,16,0,13,3,13,16,0,2
2010,183,Syracuse,true,roster_present_with_identifiable_ol,2009,2010,true,evaluable_complete_history_window,,96,96,96,96,95,95,0,0,14,14,0,9,5,9,14,0,10
2010,189,Bowling Green,true,roster_present_with_identifiable_ol,2009,2010,true,evaluable_complete_history_window,,103,103,103,103,103,103,0,0,16,16,0,10,6,10,16,0,3
2010,193,Miami (OH),true,roster_present_with_identifiable_ol,2009,2010,true,evaluable_complete_history_window,,104,104,104,104,104,104,0,0,18,18,0,12,6,12,18,0,1
2010,194,Ohio State,true,roster_present_with_identifiable_ol,2009,2010,true,evaluable_complete_history_window,,123,123,123,123,120,120,0,0,20,20,0,15,5,15,20,0,4
2010,195,Ohio,true,roster_present_with_identifiable_ol,2009,2010,true,evaluable_complete_history_window,,119,119,119,119,118,118,0,0,19,19,0,10,9,10,19,0,1
2010,197,Oklahoma State,true,roster_present_with_identifiable_ol,2009,2010,true,evaluable_complete_history_window,,125,125,125,125,125,125,0,0,19,19,0,14,5,14,19,0,0
2010,201,Oklahoma,true,roster_present_with_identifiable_ol,2009,2010,true,evaluable_complete_history_window,,117,117,117,117,116,115,0,0,19,19,0,12,7,12,19,0,2
2010,202,Tulsa,true,roster_present_with_identifiable_ol,2009,2010,true,evaluable_complete_history_window,,98,98,98,98,97,97,0,0,17,17,0,12,5,12,17,0,5
2010,204,Oregon State,true,roster_present_with_identifiable_ol,2009,2010,true,evaluable_complete_history_window,,106,106,106,106,106,106,0,0,19,19,0,15,4,15,19,0,0
2010,213,Penn State,true,roster_present_with_identifiable_ol,2009,2010,true,evaluable_complete_history_window,,120,120,120,120,119,119,0,0,22,22,0,18,4,18,22,0,7
2010,218,Temple,true,roster_present_with_identifiable_ol,2009,2010,true,evaluable_complete_history_window,,109,109,109,109,108,108,0,0,23,23,0,16,7,16,23,0,1
2010,221,Pittsburgh,true,roster_present_with_identifiable_ol,2009,2010,true,evaluable_complete_history_window,,108,108,108,108,108,108,0,0,19,19,0,14,5,14,19,0,0
2010,228,Clemson,true,roster_present_with_identifiable_ol,2009,2010,true,evaluable_complete_history_window,,104,104,104,104,104,104,0,0,21,21,0,13,8,13,21,0,0
2010,235,Memphis,true,roster_present_with_identifiable_ol,2009,2010,true,evaluable_complete_history_window,,102,102,102,102,102,102,0,0,15,15,0,9,6,9,15,0,3
2010,238,Vanderbilt,true,roster_present_with_identifiable_ol,2009,2010,true,evaluable_complete_history_window,,99,99,99,99,99,99,0,0,14,14,0,9,5,9,14,0,2
2010,239,Baylor,true,roster_present_with_identifiable_ol,2009,2010,true,evaluable_complete_history_window,,118,118,118,118,118,118,0,0,20,20,0,13,7,13,20,0,4
2010,242,Rice,true,roster_present_with_identifiable_ol,2009,2010,true,evaluable_complete_history_window,,102,102,102,102,102,102,0,0,16,16,0,12,4,12,16,0,1
2010,245,Texas A&M,true,roster_present_with_identifiable_ol,2009,2010,true,evaluable_complete_history_window,,116,116,116,116,115,115,0,0,16,16,0,8,8,8,16,0,3
2010,248,Houston,true,roster_present_with_identifiable_ol,2009,2010,true,evaluable_complete_history_window,,112,112,112,112,111,111,0,0,15,15,0,10,5,10,15,0,2
2010,249,North Texas,true,roster_present_with_identifiable_ol,2009,2010,true,evaluable_complete_history_window,,90,90,90,90,90,90,0,0,17,17,0,14,3,14,17,0,1
2010,251,Texas,true,roster_present_with_identifiable_ol,2009,2010,true,evaluable_complete_history_window,,111,111,111,111,109,109,0,0,15,15,0,13,2,13,15,0,8
2010,252,BYU,true,roster_present_with_identifiable_ol,2009,2010,true,evaluable_complete_history_window,,134,134,134,134,134,126,0,0,21,21,0,11,10,11,21,0,1
2010,254,Utah,true,roster_present_with_identifiable_ol,2009,2010,true,evaluable_complete_history_window,,123,123,123,123,123,114,0,0,18,18,0,13,5,13,18,0,0
2010,258,Virginia,true,roster_present_with_identifiable_ol,2009,2010,true,evaluable_complete_history_window,,117,117,117,117,116,116,0,0,18,18,0,13,5,13,18,0,17
2010,259,Virginia Tech,true,roster_present_with_identifiable_ol,2009,2010,true,evaluable_complete_history_window,,121,121,121,121,119,101,0,0,21,21,0,14,7,14,21,0,24
2010,264,Washington,true,roster_present_with_identifiable_ol,2009,2010,true,evaluable_complete_history_window,,103,103,103,103,102,102,0,0,17,17,0,9,8,9,17,0,9
2010,265,Washington State,true,roster_present_with_identifiable_ol,2009,2010,true,evaluable_complete_history_window,,112,112,112,112,112,112,0,0,19,19,0,12,7,12,19,0,0
2010,275,Wisconsin,true,roster_present_with_identifiable_ol,2009,2010,true,evaluable_complete_history_window,,113,113,113,113,113,113,0,0,20,20,0,14,6,14,20,0,3
2010,276,Marshall,true,roster_present_with_identifiable_ol,2009,2010,true,evaluable_complete_history_window,,101,101,101,101,100,100,0,0,20,20,0,12,8,12,20,0,1
2010,277,West Virginia,true,roster_present_with_identifiable_ol,2009,2010,true,evaluable_complete_history_window,,103,103,103,103,103,103,0,0,17,17,0,12,5,12,17,0,1
2010,278,Fresno State,true,roster_present_with_identifiable_ol,2009,2010,true,evaluable_complete_history_window,,103,103,103,103,103,103,0,0,15,15,0,12,3,12,15,0,5
2010,309,Louisiana,true,roster_present_with_identifiable_ol,2009,2010,true,evaluable_complete_history_window,,105,105,105,105,104,96,0,0,19,19,0,15,4,15,19,0,12
2010,328,Utah State,true,roster_present_with_identifiable_ol,2009,2010,true,evaluable_complete_history_window,,107,107,107,107,107,107,0,0,17,17,0,12,5,12,17,0,1
2010,333,Alabama,true,roster_present_with_identifiable_ol,2009,2010,true,evaluable_complete_history_window,,119,119,119,119,119,119,0,0,21,21,0,14,7,14,21,0,1
2010,344,Mississippi State,true,roster_present_with_identifiable_ol,2009,2010,true,evaluable_complete_history_window,,123,123,123,123,123,111,0,0,21,21,0,11,10,11,21,0,22
2010,349,Army,true,roster_present_with_identifiable_ol,2009,2010,true,evaluable_complete_history_window,,158,158,158,158,156,156,0,0,35,35,0,20,15,20,35,0,9
2010,356,Illinois,true,roster_present_with_identifiable_ol,2009,2010,true,evaluable_complete_history_window,,97,97,97,97,97,97,0,0,17,17,0,12,5,12,17,0,0
2010,2005,Air Force,true,roster_present_with_identifiable_ol,2009,2010,true,evaluable_complete_history_window,,103,103,103,103,98,98,0,0,12,12,0,7,5,7,12,0,24
2010,2006,Akron,true,roster_present_with_identifiable_ol,2009,2010,true,evaluable_complete_history_window,,94,94,94,94,93,93,0,0,12,12,0,10,2,10,12,0,1
2010,2032,Arkansas State,true,roster_present_with_identifiable_ol,2009,2010,true,evaluable_complete_history_window,,102,102,102,102,102,99,0,0,18,18,0,14,4,14,18,0,5
2010,2050,Ball State,true,roster_present_with_identifiable_ol,2009,2010,true,evaluable_complete_history_window,,92,92,92,92,92,92,0,0,15,15,0,11,4,11,15,0,8
2010,2084,Buffalo,true,roster_present_with_identifiable_ol,2009,2010,true,evaluable_complete_history_window,,99,99,99,99,98,98,0,0,16,16,0,9,7,9,16,0,1
2010,2116,UCF,true,roster_present_with_identifiable_ol,2009,2010,true,evaluable_complete_history_window,,99,99,99,99,98,98,0,0,17,17,0,10,7,10,17,0,6
2010,2117,Central Michigan,true,roster_present_with_identifiable_ol,2009,2010,true,evaluable_complete_history_window,,107,107,107,107,107,107,0,0,20,20,0,16,4,16,20,0,0
2010,2132,Cincinnati,true,roster_present_with_identifiable_ol,2009,2010,true,evaluable_complete_history_window,,105,105,105,105,105,105,0,0,18,18,0,14,4,14,18,0,1
2010,2199,Eastern Michigan,true,roster_present_with_identifiable_ol,2009,2010,true,evaluable_complete_history_window,,99,99,99,99,99,99,0,0,17,17,0,9,8,9,17,0,0
2010,2226,Florida Atlantic,true,roster_present_with_identifiable_ol,2009,2010,true,evaluable_complete_history_window,,120,120,120,120,119,112,0,0,25,25,0,19,6,19,25,0,2
2010,2229,Florida International,true,roster_present_with_identifiable_ol,2009,2010,true,evaluable_complete_history_window,,103,103,103,103,103,103,0,0,16,16,0,10,6,10,16,0,2
2010,2294,Iowa,true,roster_present_with_identifiable_ol,2009,2010,true,evaluable_complete_history_window,,111,111,111,111,108,108,0,0,16,16,0,14,2,14,16,0,3
2010,2305,Kansas,true,roster_present_with_identifiable_ol,2009,2010,true,evaluable_complete_history_window,,106,106,106,106,106,106,0,0,14,14,0,12,2,12,14,0,2
2010,2306,Kansas State,true,roster_present_with_identifiable_ol,2009,2010,true,evaluable_complete_history_window,,132,132,132,132,132,132,0,0,22,22,0,13,9,13,22,0,0
2010,2309,Kent State,true,roster_present_with_identifiable_ol,2009,2010,true,evaluable_complete_history_window,,104,104,104,104,104,104,0,0,13,13,0,8,5,8,13,0,0
2010,2348,Louisiana Tech,true,roster_present_with_identifiable_ol,2009,2010,true,evaluable_complete_history_window,,109,109,109,109,109,109,0,0,16,16,0,13,3,13,16,0,3
2010,2390,Miami,true,roster_present_with_identifiable_ol,2009,2010,true,evaluable_complete_history_window,,94,94,94,94,94,94,0,0,16,16,0,9,7,9,16,0,0
2010,2393,Middle Tennessee,true,roster_present_with_identifiable_ol,2009,2010,true,evaluable_complete_history_window,,109,109,109,109,109,99,0,0,18,18,0,11,7,11,18,0,2
2010,2426,Navy,true,roster_present_with_identifiable_ol,2009,2010,true,evaluable_complete_history_window,,158,158,158,158,158,158,0,0,29,29,0,19,10,19,29,0,24
2010,2433,UL Monroe,true,roster_present_with_identifiable_ol,2009,2010,true,evaluable_complete_history_window,,92,92,92,92,91,85,0,0,14,14,0,5,9,5,14,0,3
2010,2439,UNLV,true,roster_present_with_identifiable_ol,2009,2010,true,evaluable_complete_history_window,,102,102,102,102,100,90,0,0,19,19,0,13,6,13,19,0,2
2010,2440,Nevada,true,roster_present_with_identifiable_ol,2009,2010,true,evaluable_complete_history_window,,95,95,95,95,95,95,0,0,17,17,0,10,7,10,17,0,0
2010,2459,Northern Illinois,true,roster_present_with_identifiable_ol,2009,2010,true,evaluable_complete_history_window,,113,113,113,113,113,113,0,0,15,15,0,8,7,8,15,0,11
2010,2483,Oregon,true,roster_present_with_identifiable_ol,2009,2010,true,evaluable_complete_history_window,,109,109,109,109,108,108,0,0,20,20,0,15,5,15,20,0,7
2010,2509,Purdue,true,roster_present_with_identifiable_ol,2009,2010,true,evaluable_complete_history_window,,105,105,105,105,105,104,0,0,19,19,0,16,3,16,19,0,0
2010,2567,SMU,true,roster_present_with_identifiable_ol,2009,2010,true,evaluable_complete_history_window,,106,106,106,106,106,106,0,0,17,17,0,13,4,13,17,0,2
2010,2572,Southern Miss,true,roster_present_with_identifiable_ol,2009,2010,true,evaluable_complete_history_window,,107,107,107,107,106,106,0,0,17,17,0,12,5,12,17,0,4
2010,2579,South Carolina,true,roster_present_with_identifiable_ol,2009,2010,true,evaluable_complete_history_window,,106,106,106,106,106,106,0,0,15,15,0,10,5,10,15,0,16
2010,2628,TCU,true,roster_present_with_identifiable_ol,2009,2010,true,evaluable_complete_history_window,,117,117,117,117,117,117,0,0,23,23,0,18,5,18,23,0,7
2010,2633,Tennessee,true,roster_present_with_identifiable_ol,2009,2010,true,evaluable_complete_history_window,,122,122,122,122,122,122,0,0,17,17,0,9,8,9,17,0,6
2010,2638,UTEP,true,roster_present_with_identifiable_ol,2009,2010,true,evaluable_complete_history_window,,107,107,107,107,106,106,0,0,17,17,0,11,6,11,17,0,1
2010,2641,Texas Tech,true,roster_present_with_identifiable_ol,2009,2010,true,evaluable_complete_history_window,,126,126,126,126,126,126,0,0,16,16,0,12,4,12,16,0,3
2010,2649,Toledo,true,roster_present_with_identifiable_ol,2009,2010,true,evaluable_complete_history_window,,102,102,102,102,101,101,0,0,16,16,0,8,8,8,16,0,2
2010,2653,Troy,true,roster_present_with_identifiable_ol,2009,2010,true,evaluable_complete_history_window,,122,122,122,122,121,121,0,0,18,18,0,12,6,12,18,0,1
2010,2655,Tulane,true,roster_present_with_identifiable_ol,2009,2010,true,evaluable_complete_history_window,,95,95,95,95,95,95,0,0,16,16,0,11,5,11,16,0,1
2010,2711,Western Michigan,true,roster_present_with_identifiable_ol,2009,2010,true,evaluable_complete_history_window,,104,104,104,104,102,102,0,0,16,16,0,12,4,12,16,0,12
2010,2751,Wyoming,true,roster_present_with_identifiable_ol,2009,2010,true,evaluable_complete_history_window,,110,110,110,110,110,110,0,0,20,20,0,9,11,9,20,0,12
2011,2,Auburn,true,roster_present_with_identifiable_ol,2009,2010,true,evaluable_complete_history_window,,111,111,111,111,111,111,0,0,20,20,0,13,7,18,20,0,3
2011,5,UAB,true,roster_present_with_identifiable_ol,2009,2010,true,evaluable_complete_history_window,,105,105,105,105,105,105,0,0,16,16,0,10,6,15,16,0,0
2011,8,Arkansas,true,roster_present_with_identifiable_ol,2009,2010,true,evaluable_complete_history_window,,113,113,113,113,113,110,0,0,17,17,0,9,8,15,17,0,0
2011,9,Arizona State,true,roster_present_with_identifiable_ol,2009,2010,true,evaluable_complete_history_window,,116,116,116,116,116,116,0,0,21,21,0,16,5,24,21,0,0
2011,12,Arizona,true,roster_present_with_identifiable_ol,2009,2010,true,evaluable_complete_history_window,,106,106,106,106,106,106,0,0,17,17,0,12,5,20,17,0,1
2011,21,San Diego State,true,roster_present_with_identifiable_ol,2009,2010,true,evaluable_complete_history_window,,111,111,111,111,111,111,0,0,18,18,0,10,8,18,18,0,0
2011,23,San José State,true,roster_present_with_identifiable_ol,2009,2010,true,evaluable_complete_history_window,,107,107,107,107,106,105,0,0,17,17,0,13,4,21,17,0,1
2011,24,Stanford,true,roster_present_with_identifiable_ol,2009,2010,true,evaluable_complete_history_window,,111,111,111,111,111,111,0,0,17,17,0,12,5,18,17,0,11
2011,25,California,true,roster_present_with_identifiable_ol,2009,2010,true,evaluable_complete_history_window,,117,117,117,117,116,116,0,0,15,15,0,12,3,20,15,0,6
2011,26,UCLA,true,roster_present_with_identifiable_ol,2009,2010,true,evaluable_complete_history_window,,119,119,119,119,116,116,0,0,22,22,0,13,9,21,22,0,9
2011,30,USC,true,roster_present_with_identifiable_ol,2009,2010,true,evaluable_complete_history_window,,113,113,113,113,112,112,0,0,17,17,0,10,7,16,17,0,9
2011,36,Colorado State,true,roster_present_with_identifiable_ol,2009,2010,true,evaluable_complete_history_window,,113,113,113,113,112,112,0,0,15,15,0,11,4,19,15,0,6
2011,38,Colorado,true,roster_present_with_identifiable_ol,2009,2010,true,evaluable_complete_history_window,,104,104,104,104,103,103,0,0,18,18,0,13,5,23,18,0,8
2011,41,UConn,true,roster_present_with_identifiable_ol,2009,2010,true,evaluable_complete_history_window,,93,93,93,93,93,92,0,0,15,15,0,11,4,19,15,0,2
2011,52,Florida State,true,roster_present_with_identifiable_ol,2009,2010,true,evaluable_complete_history_window,,115,115,115,115,114,113,0,0,21,21,0,10,11,18,21,0,4
2011,57,Florida,true,roster_present_with_identifiable_ol,2009,2010,true,evaluable_complete_history_window,,104,104,104,104,103,103,0,0,14,14,0,11,3,19,14,0,1
2011,58,South Florida,true,roster_present_with_identifiable_ol,2009,2010,true,evaluable_complete_history_window,,118,118,118,118,117,117,0,0,21,21,0,13,8,22,21,0,1
2011,59,Georgia Tech,true,roster_present_with_identifiable_ol,2009,2010,true,evaluable_complete_history_window,,119,119,119,119,117,117,0,0,17,17,0,10,7,18,17,0,2
2011,61,Georgia,true,roster_present_with_identifiable_ol,2009,2010,true,evaluable_complete_history_window,,130,130,130,130,129,129,0,0,18,18,0,11,7,19,18,0,33
2011,62,Hawai'i,true,roster_present_with_identifiable_ol,2009,2010,true,evaluable_complete_history_window,,116,116,116,116,116,116,0,0,21,21,0,17,4,25,21,0,0
2011,66,Iowa State,true,roster_present_with_identifiable_ol,2009,2010,true,evaluable_complete_history_window,,129,129,129,129,129,129,0,0,20,20,0,13,7,21,20,0,3
2011,68,Boise State,true,roster_present_with_identifiable_ol,2009,2010,true,evaluable_complete_history_window,,105,105,105,105,105,104,0,0,18,18,0,12,6,23,18,0,1
2011,70,Idaho,true,roster_present_no_identifiable_ol,2009,2010,true,evaluable_complete_history_window,,33,33,33,33,4,1,0,0,0,0,0,0,0,0,0,0,29
2011,77,Northwestern,true,roster_present_with_identifiable_ol,2009,2010,true,evaluable_complete_history_window,,108,108,108,108,108,108,0,0,17,17,0,12,5,21,17,0,9
2011,84,Indiana,true,roster_present_with_identifiable_ol,2009,2010,true,evaluable_complete_history_window,,109,109,109,109,108,108,0,0,18,18,0,11,7,17,18,0,1
2011,87,Notre Dame,true,roster_present_with_identifiable_ol,2009,2010,true,evaluable_complete_history_window,,111,111,111,111,108,108,0,0,18,18,0,12,6,19,18,0,7
2011,96,Kentucky,true,roster_present_with_identifiable_ol,2009,2010,true,evaluable_complete_history_window,,114,114,114,114,113,112,0,0,19,19,0,13,6,22,19,0,7
2011,97,Louisville,true,roster_present_with_identifiable_ol,2009,2010,true,evaluable_complete_history_window,,104,104,104,104,102,102,0,0,19,19,0,10,9,17,19,0,2
2011,98,Western Kentucky,true,roster_present_with_identifiable_ol,2009,2010,true,evaluable_complete_history_window,,104,104,104,104,103,103,0,0,13,13,0,9,4,16,13,0,1
2011,99,LSU,true,roster_present_with_identifiable_ol,2009,2010,true,evaluable_complete_history_window,,122,122,122,122,122,117,0,0,19,19,0,13,6,24,19,0,0
2011,103,Boston College,true,roster_present_with_identifiable_ol,2009,2010,true,evaluable_complete_history_window,,95,95,95,95,93,93,0,0,17,17,0,12,5,19,17,0,2
2011,120,Maryland,true,roster_present_with_identifiable_ol,2009,2010,true,evaluable_complete_history_window,,99,99,99,99,98,98,0,0,19,19,0,14,5,23,19,0,1
2011,127,Michigan State,true,roster_present_with_identifiable_ol,2009,2010,true,evaluable_complete_history_window,,112,112,112,112,111,111,0,0,21,21,0,14,7,25,21,0,1
2011,130,Michigan,true,roster_present_with_identifiable_ol,2009,2010,true,evaluable_complete_history_window,,112,112,112,112,112,112,0,0,15,15,0,10,5,19,15,0,0
2011,135,Minnesota,true,roster_present_with_identifiable_ol,2009,2010,true,evaluable_complete_history_window,,118,118,118,118,118,118,0,0,20,20,0,12,8,19,20,0,0
2011,142,Missouri,true,roster_present_with_identifiable_ol,2009,2010,true,evaluable_complete_history_window,,116,116,116,116,116,116,0,0,23,23,0,18,5,31,23,0,8
2011,145,Ole Miss,true,roster_present_with_identifiable_ol,2009,2010,true,evaluable_complete_history_window,,121,121,121,121,120,120,0,0,18,18,0,14,4,22,18,0,2
2011,150,Duke,true,roster_present_with_identifiable_ol,2009,2010,true,evaluable_complete_history_window,,131,131,131,131,130,129,0,0,24,24,0,17,7,31,24,0,4
2011,151,East Carolina,true,roster_present_with_identifiable_ol,2009,2010,true,evaluable_complete_history_window,,113,113,113,113,113,111,0,0,21,21,0,13,8,22,21,0,3
2011,152,NC State,true,roster_present_with_identifiable_ol,2009,2010,true,evaluable_complete_history_window,,117,117,117,117,115,115,0,0,17,17,0,10,7,15,17,0,7
2011,153,North Carolina,true,roster_present_with_identifiable_ol,2009,2010,true,evaluable_complete_history_window,,106,106,106,106,106,106,0,0,16,16,0,12,4,19,16,0,9
2011,154,Wake Forest,true,roster_present_with_identifiable_ol,2009,2010,true,evaluable_complete_history_window,,103,103,103,103,102,102,0,0,19,19,0,16,3,28,19,0,22
2011,158,Nebraska,true,roster_present_with_identifiable_ol,2009,2010,true,evaluable_complete_history_window,,144,144,144,144,143,143,0,0,27,27,0,19,8,32,27,0,2
2011,164,Rutgers,true,roster_present_with_identifiable_ol,2009,2010,true,evaluable_complete_history_window,,113,113,113,113,111,111,0,0,20,20,0,17,3,26,20,0,2
2011,166,New Mexico State,true,roster_present_with_identifiable_ol,2009,2010,true,evaluable_complete_history_window,,94,94,94,94,92,92,0,0,16,16,0,8,8,11,16,0,7
2011,167,New Mexico,true,roster_present_with_identifiable_ol,2009,2010,true,evaluable_complete_history_window,,94,94,94,94,94,94,0,0,14,14,0,7,7,13,14,0,1
2011,183,Syracuse,true,roster_present_with_identifiable_ol,2009,2010,true,evaluable_complete_history_window,,105,105,105,105,104,104,0,0,17,17,0,10,7,17,17,0,12
2011,189,Bowling Green,true,roster_present_with_identifiable_ol,2009,2010,true,evaluable_complete_history_window,,107,107,107,107,106,106,0,0,16,16,0,9,7,14,16,0,3
2011,193,Miami (OH),true,roster_present_with_identifiable_ol,2009,2010,true,evaluable_complete_history_window,,99,99,99,99,99,99,0,0,16,16,0,12,4,19,16,0,0
2011,194,Ohio State,true,roster_present_with_identifiable_ol,2009,2010,true,evaluable_complete_history_window,,117,117,117,117,115,115,0,0,19,19,0,11,8,18,19,0,3
2011,195,Ohio,true,roster_present_with_identifiable_ol,2009,2010,true,evaluable_complete_history_window,,118,118,118,118,117,117,0,0,23,23,0,14,9,20,23,0,1
2011,197,Oklahoma State,true,roster_present_with_identifiable_ol,2009,2010,true,evaluable_complete_history_window,,114,114,114,114,113,113,0,0,17,17,0,13,4,23,17,0,2
2011,201,Oklahoma,true,roster_present_with_identifiable_ol,2009,2010,true,evaluable_complete_history_window,,117,117,117,117,116,116,0,0,20,20,0,13,7,20,20,0,2
2011,202,Tulsa,true,roster_present_with_identifiable_ol,2009,2010,true,evaluable_complete_history_window,,107,107,107,107,107,107,0,0,17,17,0,11,6,19,17,0,3
2011,204,Oregon State,true,roster_present_with_identifiable_ol,2009,2010,true,evaluable_complete_history_window,,118,118,118,118,118,118,0,0,16,16,0,12,4,20,16,0,0
2011,213,Penn State,true,roster_present_with_identifiable_ol,2009,2010,true,evaluable_complete_history_window,,118,118,118,118,117,117,0,0,22,22,0,16,6,29,22,0,4
2011,218,Temple,true,roster_present_with_identifiable_ol,2009,2010,true,evaluable_complete_history_window,,103,103,103,103,103,103,0,0,23,23,0,18,5,29,23,0,0
2011,221,Pittsburgh,true,roster_present_with_identifiable_ol,2009,2010,true,evaluable_complete_history_window,,102,102,102,102,101,101,0,0,16,16,0,13,3,22,16,0,2
2011,228,Clemson,true,roster_present_with_identifiable_ol,2009,2010,true,evaluable_complete_history_window,,106,106,106,106,106,106,0,0,22,22,0,14,8,23,22,0,0
2011,235,Memphis,true,roster_present_with_identifiable_ol,2009,2010,true,evaluable_complete_history_window,,99,99,99,99,99,99,0,0,13,13,0,6,7,8,13,0,2
2011,238,Vanderbilt,true,roster_present_with_identifiable_ol,2009,2010,true,evaluable_complete_history_window,,103,103,103,103,103,103,0,0,16,16,0,11,5,17,16,0,0
2011,239,Baylor,true,roster_present_with_identifiable_ol,2009,2010,true,evaluable_complete_history_window,,121,121,121,121,121,121,0,0,20,20,0,15,5,25,20,0,3
2011,242,Rice,true,roster_present_with_identifiable_ol,2009,2010,true,evaluable_complete_history_window,,100,100,100,100,100,100,0,0,16,16,0,12,4,20,16,0,0
2011,245,Texas A&M,true,roster_present_with_identifiable_ol,2009,2010,true,evaluable_complete_history_window,,123,123,123,123,122,122,0,0,20,20,0,15,5,22,20,0,4
2011,248,Houston,true,roster_present_with_identifiable_ol,2009,2010,true,evaluable_complete_history_window,,117,117,117,117,115,115,0,0,16,16,0,12,4,19,16,0,2
2011,249,North Texas,true,roster_present_with_identifiable_ol,2009,2010,true,evaluable_complete_history_window,,106,106,106,106,106,106,0,0,17,17,0,11,6,19,17,0,1
2011,251,Texas,true,roster_present_with_identifiable_ol,2009,2010,true,evaluable_complete_history_window,,114,114,114,114,113,113,0,0,18,18,0,11,7,20,18,0,8
2011,252,BYU,true,roster_present_with_identifiable_ol,2009,2010,true,evaluable_complete_history_window,,137,137,137,137,137,137,0,0,22,22,0,17,5,26,22,0,1
2011,254,Utah,true,roster_present_with_identifiable_ol,2009,2010,true,evaluable_complete_history_window,,124,124,124,124,124,117,0,0,15,15,0,10,5,19,15,0,0
2011,258,Virginia,true,roster_present_with_identifiable_ol,2009,2010,true,evaluable_complete_history_window,,120,120,120,120,119,119,0,0,19,19,0,12,7,19,19,0,19
2011,259,Virginia Tech,true,roster_present_with_identifiable_ol,2009,2010,true,evaluable_complete_history_window,,124,124,124,124,123,106,0,0,26,26,0,19,7,32,26,0,27
2011,264,Washington,true,roster_present_with_identifiable_ol,2009,2010,true,evaluable_complete_history_window,,107,107,107,107,106,106,0,0,15,15,0,11,4,15,15,0,9
2011,265,Washington State,true,roster_present_with_identifiable_ol,2009,2010,true,evaluable_complete_history_window,,121,121,121,121,121,121,0,0,21,21,0,12,9,17,21,0,0
2011,275,Wisconsin,true,roster_present_with_identifiable_ol,2009,2010,true,evaluable_complete_history_window,,119,119,119,119,119,119,0,0,19,19,0,16,3,26,19,0,3
2011,276,Marshall,true,roster_present_with_identifiable_ol,2009,2010,true,evaluable_complete_history_window,,107,107,107,107,105,105,0,0,20,20,0,13,7,20,20,0,2
2011,277,West Virginia,true,roster_present_with_identifiable_ol,2009,2010,true,evaluable_complete_history_window,,108,108,108,108,108,108,0,0,14,14,0,12,2,21,14,0,0
2011,278,Fresno State,true,roster_present_with_identifiable_ol,2009,2010,true,evaluable_complete_history_window,,101,101,101,101,101,101,0,0,15,15,0,10,5,18,15,0,5
2011,309,Louisiana,true,roster_present_with_identifiable_ol,2009,2010,true,evaluable_complete_history_window,,113,113,113,113,111,98,0,0,16,16,0,7,9,10,16,0,9
2011,328,Utah State,true,roster_present_with_identifiable_ol,2009,2010,true,evaluable_complete_history_window,,113,113,113,113,113,113,0,0,17,17,0,10,7,18,17,0,1
2011,333,Alabama,true,roster_present_with_identifiable_ol,2009,2010,true,evaluable_complete_history_window,,119,119,119,119,119,119,0,0,20,20,0,17,3,27,20,0,3
2011,344,Mississippi State,true,roster_present_with_identifiable_ol,2009,2010,true,evaluable_complete_history_window,,107,107,107,107,107,107,0,0,21,21,0,15,6,20,21,0,13
2011,349,Army,true,roster_present_with_identifiable_ol,2009,2010,true,evaluable_complete_history_window,,153,153,153,153,152,152,0,0,30,30,0,22,8,34,30,0,5
2011,356,Illinois,true,roster_present_with_identifiable_ol,2009,2010,true,evaluable_complete_history_window,,115,115,115,115,115,115,0,0,21,21,0,13,8,22,21,0,0
2011,2005,Air Force,true,roster_present_with_identifiable_ol,2009,2010,true,evaluable_complete_history_window,,94,94,94,94,91,91,0,0,16,16,0,7,9,11,16,0,20
2011,2006,Akron,true,roster_present_with_identifiable_ol,2009,2010,true,evaluable_complete_history_window,,105,105,105,105,103,103,0,0,19,19,0,10,9,18,19,0,2
2011,2032,Arkansas State,true,roster_present_with_identifiable_ol,2009,2010,true,evaluable_complete_history_window,,115,115,115,115,115,103,0,0,17,17,0,10,7,16,17,0,5
2011,2050,Ball State,true,roster_present_with_identifiable_ol,2009,2010,true,evaluable_complete_history_window,,99,99,99,99,99,99,0,0,16,16,0,12,4,21,16,0,4
2011,2084,Buffalo,true,roster_present_with_identifiable_ol,2009,2010,true,evaluable_complete_history_window,,102,102,102,102,101,101,0,0,19,19,0,9,10,14,19,0,1
2011,2116,UCF,true,roster_present_with_identifiable_ol,2009,2010,true,evaluable_complete_history_window,,102,102,102,102,101,101,0,0,15,15,0,11,4,17,15,0,10
2011,2117,Central Michigan,true,roster_present_with_identifiable_ol,2009,2010,true,evaluable_complete_history_window,,105,105,105,105,105,105,0,0,15,15,0,11,4,19,15,0,0
2011,2132,Cincinnati,true,roster_present_with_identifiable_ol,2009,2010,true,evaluable_complete_history_window,,105,105,105,105,105,105,0,0,17,17,0,11,6,19,17,0,1
2011,2199,Eastern Michigan,true,roster_present_with_identifiable_ol,2009,2010,true,evaluable_complete_history_window,,98,98,98,98,98,98,0,0,13,13,0,10,3,16,13,0,0
2011,2226,Florida Atlantic,true,roster_present_with_identifiable_ol,2009,2010,true,evaluable_complete_history_window,,118,118,118,118,116,111,0,0,25,25,0,15,10,28,25,0,3
2011,2229,Florida International,true,roster_present_with_identifiable_ol,2009,2010,true,evaluable_complete_history_window,,103,103,103,103,103,103,0,0,17,17,0,11,6,17,17,0,3
2011,2294,Iowa,true,roster_present_with_identifiable_ol,2009,2010,true,evaluable_complete_history_window,,108,108,108,108,108,108,0,0,18,18,0,12,6,22,18,0,0
2011,2305,Kansas,true,roster_present_with_identifiable_ol,2009,2010,true,evaluable_complete_history_window,,111,111,111,111,111,111,0,0,18,18,0,9,9,17,18,0,4
2011,2306,Kansas State,true,roster_present_with_identifiable_ol,2009,2010,true,evaluable_complete_history_window,,126,126,126,126,125,125,0,0,20,20,0,15,5,24,20,0,1
2011,2309,Kent State,true,roster_present_with_identifiable_ol,2009,2010,true,evaluable_complete_history_window,,104,104,104,104,103,103,0,0,16,16,0,12,4,19,16,0,1
2011,2348,Louisiana Tech,true,roster_present_with_identifiable_ol,2009,2010,true,evaluable_complete_history_window,,105,105,105,105,104,104,0,0,15,15,0,9,6,16,15,0,3
2011,2390,Miami,true,roster_present_with_identifiable_ol,2009,2010,true,evaluable_complete_history_window,,108,108,108,108,108,108,0,0,17,17,0,14,3,22,17,0,0
2011,2393,Middle Tennessee,true,roster_present_with_identifiable_ol,2009,2010,true,evaluable_complete_history_window,,117,117,117,117,117,107,0,0,19,19,0,12,7,19,19,0,3
2011,2426,Navy,true,roster_present_with_identifiable_ol,2009,2010,true,evaluable_complete_history_window,,168,168,168,168,168,168,0,0,32,32,0,24,8,38,32,0,22
2011,2433,UL Monroe,true,roster_present_with_identifiable_ol,2009,2010,true,evaluable_complete_history_window,,97,97,97,97,97,92,0,0,14,14,0,10,4,13,14,0,2
2011,2439,UNLV,true,roster_present_with_identifiable_ol,2009,2010,true,evaluable_complete_history_window,,103,103,103,103,101,89,0,0,15,15,0,10,5,16,15,0,2
2011,2440,Nevada,true,roster_present_with_identifiable_ol,2009,2010,true,evaluable_complete_history_window,,98,98,98,98,98,98,0,0,17,17,0,13,4,20,17,0,0
2011,2459,Northern Illinois,true,roster_present_with_identifiable_ol,2009,2010,true,evaluable_complete_history_window,,107,107,107,107,107,107,0,0,17,17,0,13,4,20,17,0,3
2011,2483,Oregon,true,roster_present_with_identifiable_ol,2009,2010,true,evaluable_complete_history_window,,108,108,108,108,107,107,0,0,21,21,0,13,8,23,21,0,3
2011,2509,Purdue,true,roster_present_with_identifiable_ol,2009,2010,true,evaluable_complete_history_window,,105,105,105,105,105,104,0,0,18,18,0,16,2,29,18,0,0
2011,2567,SMU,true,roster_present_with_identifiable_ol,2009,2010,true,evaluable_complete_history_window,,110,110,110,110,109,109,0,0,19,19,0,13,6,22,19,0,3
2011,2572,Southern Miss,true,roster_present_with_identifiable_ol,2009,2010,true,evaluable_complete_history_window,,103,103,103,103,102,102,0,0,19,19,0,12,7,20,19,0,4
2011,2579,South Carolina,true,roster_present_with_identifiable_ol,2009,2010,true,evaluable_complete_history_window,,113,113,113,113,113,113,0,0,14,14,0,9,5,14,14,0,17
2011,2628,TCU,true,roster_present_with_identifiable_ol,2009,2010,true,evaluable_complete_history_window,,116,116,116,116,116,115,0,0,23,23,0,17,6,29,23,0,6
2011,2633,Tennessee,true,roster_present_with_identifiable_ol,2009,2010,true,evaluable_complete_history_window,,120,120,120,120,120,120,0,0,20,20,0,9,11,13,20,0,6
2011,2638,UTEP,true,roster_present_with_identifiable_ol,2009,2010,true,evaluable_complete_history_window,,109,109,109,109,106,106,0,0,16,16,0,9,7,14,16,0,3
2011,2641,Texas Tech,true,roster_present_with_identifiable_ol,2009,2010,true,evaluable_complete_history_window,,120,120,120,120,120,120,0,0,16,16,0,11,5,20,16,0,5
2011,2649,Toledo,true,roster_present_with_identifiable_ol,2009,2010,true,evaluable_complete_history_window,,104,104,104,104,103,103,0,0,18,18,0,13,5,19,18,0,2
2011,2653,Troy,true,roster_present_with_identifiable_ol,2009,2010,true,evaluable_complete_history_window,,127,127,127,127,127,127,0,0,23,23,0,11,12,17,23,0,0
2011,2655,Tulane,true,roster_present_with_identifiable_ol,2009,2010,true,evaluable_complete_history_window,,98,98,98,98,98,98,0,0,14,14,0,11,3,18,14,0,1
2011,2711,Western Michigan,true,roster_present_with_identifiable_ol,2009,2010,true,evaluable_complete_history_window,,105,105,105,105,104,104,0,0,17,17,0,8,9,15,17,0,10
2011,2751,Wyoming,true,roster_present_with_identifiable_ol,2009,2010,true,evaluable_complete_history_window,,99,99,99,99,98,98,0,0,19,19,0,11,8,18,19,0,12
2012,2,Auburn,true,roster_present_with_identifiable_ol,2009,2010,true,evaluable_complete_history_window,,116,116,116,116,116,116,0,0,18,18,0,8,10,15,18,0,2
2012,5,UAB,true,roster_present_with_identifiable_ol,2009,2010,true,evaluable_complete_history_window,,104,104,104,104,104,104,0,0,19,19,0,11,8,19,19,0,0
2012,6,South Alabama,true,roster_present_with_identifiable_ol,2009,2010,true,evaluable_complete_history_window,,113,113,113,113,112,111,0,0,19,19,0,0,19,0,19,0,1
2012,8,Arkansas,true,roster_present_with_identifiable_ol,2009,2010,true,evaluable_complete_history_window,,115,115,115,115,115,115,0,0,17,17,0,14,3,24,17,0,0
2012,9,Arizona State,true,roster_present_with_identifiable_ol,2009,2010,true,evaluable_complete_history_window,,105,105,105,105,104,104,0,0,14,14,0,11,3,22,14,0,2
2012,12,Arizona,true,roster_present_with_identifiable_ol,2009,2010,true,evaluable_complete_history_window,,112,112,112,112,112,112,0,0,17,17,0,12,5,25,17,0,2
2012,21,San Diego State,true,roster_present_with_identifiable_ol,2009,2010,true,evaluable_complete_history_window,,108,108,108,108,108,108,0,0,18,18,0,13,5,23,18,0,0
2012,23,San José State,true,roster_present_with_identifiable_ol,2009,2010,true,evaluable_complete_history_window,,111,111,111,111,109,107,0,0,18,18,0,12,6,25,18,0,2
2012,24,Stanford,true,roster_present_with_identifiable_ol,2009,2010,true,evaluable_complete_history_window,,124,124,124,124,123,123,0,0,19,19,0,13,6,24,19,0,15
2012,25,California,true,roster_present_with_identifiable_ol,2009,2010,true,evaluable_complete_history_window,,124,124,124,124,123,123,0,0,17,17,0,12,5,26,17,0,4
2012,26,UCLA,true,roster_present_with_identifiable_ol,2009,2010,true,evaluable_complete_history_window,,116,116,116,116,112,112,0,0,17,17,0,14,3,24,17,0,9
2012,30,USC,true,roster_present_with_identifiable_ol,2009,2010,true,evaluable_complete_history_window,,119,119,119,119,117,117,0,0,16,16,0,8,8,13,16,0,11
2012,36,Colorado State,true,roster_present_with_identifiable_ol,2009,2010,true,evaluable_complete_history_window,,112,112,112,112,112,112,0,0,15,15,0,11,4,22,15,0,0
2012,38,Colorado,true,roster_present_with_identifiable_ol,2009,2010,true,evaluable_complete_history_window,,105,105,105,105,104,104,0,0,14,14,0,11,3,22,14,0,5
2012,41,UConn,true,roster_present_with_identifiable_ol,2009,2010,true,evaluable_complete_history_window,,104,104,104,104,104,104,0,0,17,17,0,10,7,22,17,0,2
2012,52,Florida State,true,roster_present_with_identifiable_ol,2009,2010,true,evaluable_complete_history_window,,112,112,112,112,111,110,0,0,19,19,0,13,6,23,19,0,6
2012,57,Florida,true,roster_present_with_identifiable_ol,2009,2010,true,evaluable_complete_history_window,,114,114,114,114,113,112,0,0,18,18,0,12,6,29,18,0,1
2012,58,South Florida,true,roster_present_with_identifiable_ol,2009,2010,true,evaluable_complete_history_window,,114,114,114,114,112,112,0,0,17,17,0,13,4,24,17,0,2
2012,59,Georgia Tech,true,roster_present_with_identifiable_ol,2009,2010,true,evaluable_complete_history_window,,120,120,120,120,119,119,0,0,19,19,0,14,5,30,19,0,5
2012,61,Georgia,true,roster_present_with_identifiable_ol,2009,2010,true,evaluable_complete_history_window,,125,125,125,125,124,124,0,0,17,17,0,11,6,20,17,0,32
2012,62,Hawai'i,true,roster_present_with_identifiable_ol,2009,2010,true,evaluable_complete_history_window,,109,109,109,109,109,108,0,0,16,16,0,7,9,13,16,0,0
2012,66,Iowa State,true,roster_present_with_identifiable_ol,2009,2010,true,evaluable_complete_history_window,,137,137,137,137,136,134,0,0,19,19,0,15,4,30,19,0,5
2012,68,Boise State,true,roster_present_with_identifiable_ol,2009,2010,true,evaluable_complete_history_window,,110,110,110,110,109,108,0,0,19,19,0,13,6,28,19,0,4
2012,70,Idaho,true,roster_present_no_identifiable_ol,2009,2010,true,evaluable_complete_history_window,,30,30,30,30,8,1,0,0,0,0,0,0,0,0,0,0,22
2012,77,Northwestern,true,roster_present_with_identifiable_ol,2009,2010,true,evaluable_complete_history_window,,110,110,110,110,108,108,0,0,18,18,0,13,5,26,18,0,10
2012,84,Indiana,true,roster_present_with_identifiable_ol,2009,2010,true,evaluable_complete_history_window,,117,117,117,117,117,117,0,0,19,19,0,12,7,20,19,0,0
2012,87,Notre Dame,true,roster_present_with_identifiable_ol,2009,2010,true,evaluable_complete_history_window,,103,103,103,103,102,102,0,0,16,16,0,11,5,23,16,0,2
2012,96,Kentucky,true,roster_present_with_identifiable_ol,2009,2010,true,evaluable_complete_history_window,,110,110,110,110,110,108,0,0,18,18,0,9,9,19,18,0,3
2012,97,Louisville,true,roster_present_with_identifiable_ol,2009,2010,true,evaluable_complete_history_window,,116,116,116,116,113,113,0,0,22,22,0,13,9,23,22,0,3
2012,98,Western Kentucky,true,roster_present_with_identifiable_ol,2009,2010,true,evaluable_complete_history_window,,105,105,105,105,105,105,0,0,13,13,0,10,3,23,13,0,0
2012,99,LSU,true,roster_present_with_identifiable_ol,2009,2010,true,evaluable_complete_history_window,,122,122,122,122,122,122,0,0,18,18,0,13,5,27,18,0,0
2012,103,Boston College,true,roster_present_with_identifiable_ol,2009,2010,true,evaluable_complete_history_window,,105,105,105,105,104,104,0,0,17,17,0,14,3,27,17,0,1
2012,113,Massachusetts,true,roster_present_with_identifiable_ol,2009,2010,true,evaluable_complete_history_window,,93,93,93,93,92,92,0,0,12,12,0,0,12,0,12,0,1
2012,120,Maryland,true,roster_present_with_identifiable_ol,2009,2010,true,evaluable_complete_history_window,,101,101,101,101,101,101,0,0,17,17,0,12,5,25,17,0,1
2012,127,Michigan State,true,roster_present_with_identifiable_ol,2009,2010,true,evaluable_complete_history_window,,115,115,115,115,114,114,0,0,22,22,0,17,5,34,22,0,1
2012,130,Michigan,true,roster_present_with_identifiable_ol,2009,2010,true,evaluable_complete_history_window,,112,112,112,112,112,112,0,0,17,17,0,11,6,24,17,0,0
2012,135,Minnesota,true,roster_present_with_identifiable_ol,2009,2010,true,evaluable_complete_history_window,,124,124,124,124,122,121,0,0,19,19,0,15,4,24,19,0,3
2012,142,Missouri,true,roster_present_with_identifiable_ol,2009,2010,true,evaluable_complete_history_window,,122,122,122,122,122,122,0,0,23,23,0,16,7,33,23,0,10
2012,145,Ole Miss,true,roster_present_with_identifiable_ol,2009,2010,true,evaluable_complete_history_window,,119,119,119,119,118,118,0,0,17,17,0,12,5,25,17,0,2
2012,150,Duke,true,roster_present_with_identifiable_ol,2009,2010,true,evaluable_complete_history_window,,110,110,110,110,110,109,0,0,19,19,0,17,2,35,19,0,1
2012,151,East Carolina,true,roster_present_with_identifiable_ol,2009,2010,true,evaluable_complete_history_window,,113,113,113,113,112,112,0,0,19,19,0,15,4,30,19,0,3
2012,152,NC State,true,roster_present_with_identifiable_ol,2009,2010,true,evaluable_complete_history_window,,106,106,106,106,106,106,0,0,19,19,0,14,5,26,19,0,2
2012,153,North Carolina,true,roster_present_with_identifiable_ol,2009,2010,true,evaluable_complete_history_window,,116,116,116,116,116,116,0,0,18,18,0,14,4,29,18,0,8
2012,154,Wake Forest,true,roster_present_with_identifiable_ol,2009,2010,true,evaluable_complete_history_window,,99,99,99,99,98,98,0,0,16,16,0,13,3,30,16,0,18
2012,158,Nebraska,true,roster_present_with_identifiable_ol,2009,2010,true,evaluable_complete_history_window,,142,142,142,142,141,141,0,0,23,23,0,19,4,42,23,0,1
2012,164,Rutgers,true,roster_present_with_identifiable_ol,2009,2010,true,evaluable_complete_history_window,,101,101,101,101,100,100,0,0,20,20,0,14,6,29,20,0,2
2012,166,New Mexico State,true,roster_present_with_identifiable_ol,2009,2010,true,evaluable_complete_history_window,,86,86,86,86,84,84,0,0,12,12,0,8,4,9,12,0,7
2012,167,New Mexico,true,roster_present_with_identifiable_ol,2009,2010,true,evaluable_complete_history_window,,103,103,103,103,102,102,0,0,15,15,0,7,8,14,15,0,3
2012,183,Syracuse,true,roster_present_with_identifiable_ol,2009,2010,true,evaluable_complete_history_window,,102,102,102,102,101,101,0,0,16,16,0,12,4,20,16,0,10
2012,189,Bowling Green,true,roster_present_with_identifiable_ol,2009,2010,true,evaluable_complete_history_window,,108,108,108,108,105,105,0,0,17,17,0,11,6,18,17,0,7
2012,193,Miami (OH),true,roster_present_with_identifiable_ol,2009,2010,true,evaluable_complete_history_window,,103,103,103,103,103,103,0,0,17,17,0,12,5,26,17,0,0
2012,194,Ohio State,true,roster_present_with_identifiable_ol,2009,2010,true,evaluable_complete_history_window,,108,108,108,108,107,107,0,0,20,20,0,14,6,26,20,0,2
2012,195,Ohio,true,roster_present_with_identifiable_ol,2009,2010,true,evaluable_complete_history_window,,116,116,116,116,115,115,0,0,20,20,0,17,3,30,20,0,1
2012,197,Oklahoma State,true,roster_present_with_identifiable_ol,2009,2010,true,evaluable_complete_history_window,,117,117,117,117,117,117,0,0,17,17,0,10,7,22,17,0,1
2012,201,Oklahoma,true,roster_present_with_identifiable_ol,2009,2010,true,evaluable_complete_history_window,,108,108,108,108,108,108,0,0,16,16,0,13,3,24,16,0,0
2012,202,Tulsa,true,roster_present_with_identifiable_ol,2009,2010,true,evaluable_complete_history_window,,109,109,109,109,109,109,0,0,16,16,0,10,6,20,16,0,4
2012,204,Oregon State,true,roster_present_with_identifiable_ol,2009,2010,true,evaluable_complete_history_window,,110,110,110,110,110,109,0,0,18,18,0,8,10,17,18,0,0
2012,213,Penn State,true,roster_present_with_identifiable_ol,2009,2010,true,evaluable_complete_history_window,,117,117,117,117,116,116,0,0,21,21,0,13,8,30,21,0,2
2012,218,Temple,true,roster_present_with_identifiable_ol,2009,2010,true,evaluable_complete_history_window,,104,104,104,104,104,103,0,0,19,19,0,14,5,29,19,0,0
2012,221,Pittsburgh,true,roster_present_with_identifiable_ol,2009,2010,true,evaluable_complete_history_window,,99,99,99,99,99,99,0,0,16,16,0,13,3,29,16,0,0
2012,228,Clemson,true,roster_present_with_identifiable_ol,2009,2010,true,evaluable_complete_history_window,,103,103,103,103,103,103,0,0,19,19,0,14,5,24,19,0,0
2012,235,Memphis,true,roster_present_with_identifiable_ol,2009,2010,true,evaluable_complete_history_window,,113,113,113,113,113,112,0,0,17,17,0,9,8,12,17,0,2
2012,238,Vanderbilt,true,roster_present_with_identifiable_ol,2009,2010,true,evaluable_complete_history_window,,104,104,104,104,104,104,0,0,16,16,0,10,6,19,16,0,0
2012,239,Baylor,true,roster_present_with_identifiable_ol,2009,2010,true,evaluable_complete_history_window,,117,117,117,117,117,117,0,0,16,16,0,14,2,32,16,0,3
2012,242,Rice,true,roster_present_with_identifiable_ol,2009,2010,true,evaluable_complete_history_window,,101,101,101,101,101,101,0,0,15,15,0,9,6,17,15,0,0
2012,245,Texas A&M,true,roster_present_with_identifiable_ol,2009,2010,true,evaluable_complete_history_window,,118,118,118,118,117,117,0,0,17,17,0,12,5,21,17,0,4
2012,248,Houston,true,roster_present_with_identifiable_ol,2009,2010,true,evaluable_complete_history_window,,125,125,125,125,123,123,0,0,17,17,0,11,6,25,17,0,2
2012,249,North Texas,true,roster_present_with_identifiable_ol,2009,2010,true,evaluable_complete_history_window,,108,108,108,108,108,108,0,0,17,17,0,11,6,19,17,0,2
2012,251,Texas,true,roster_present_with_identifiable_ol,2009,2010,true,evaluable_complete_history_window,,117,117,117,117,117,117,0,0,16,16,0,12,4,22,16,0,4
2012,252,BYU,true,roster_present_with_identifiable_ol,2009,2010,true,evaluable_complete_history_window,,140,140,140,140,140,135,0,0,21,21,0,16,5,35,21,0,1
2012,254,Utah,true,roster_present_with_identifiable_ol,2009,2010,true,evaluable_complete_history_window,,121,121,121,121,120,118,0,0,19,19,0,10,9,24,19,0,1
2012,258,Virginia,true,roster_present_with_identifiable_ol,2009,2010,true,evaluable_complete_history_window,,118,118,118,118,117,117,0,0,19,19,0,13,6,24,19,0,17
2012,259,Virginia Tech,true,roster_present_with_identifiable_ol,2009,2010,true,evaluable_complete_history_window,,124,124,124,124,123,107,0,0,21,21,0,17,4,35,21,0,26
2012,264,Washington,true,roster_present_with_identifiable_ol,2009,2010,true,evaluable_complete_history_window,,103,103,103,103,102,102,0,0,17,17,0,11,6,19,17,0,10
2012,265,Washington State,true,roster_present_with_identifiable_ol,2009,2010,true,evaluable_complete_history_window,,114,114,114,114,114,114,0,0,19,19,0,12,7,21,19,0,0
2012,275,Wisconsin,true,roster_present_with_identifiable_ol,2009,2010,true,evaluable_complete_history_window,,116,116,116,116,116,116,0,0,19,19,0,13,6,27,19,0,3
2012,276,Marshall,true,roster_present_with_identifiable_ol,2009,2010,true,evaluable_complete_history_window,,105,105,105,105,103,103,0,0,22,22,0,12,10,25,22,0,2
2012,277,West Virginia,true,roster_present_with_identifiable_ol,2009,2010,true,evaluable_complete_history_window,,108,108,108,108,108,107,0,0,15,15,0,10,5,23,15,0,0
2012,278,Fresno State,true,roster_present_with_identifiable_ol,2009,2010,true,evaluable_complete_history_window,,100,100,100,100,100,100,0,0,16,16,0,11,5,23,16,0,5
2012,309,Louisiana,true,roster_present_with_identifiable_ol,2009,2010,true,evaluable_complete_history_window,,110,110,110,110,109,108,0,0,16,16,0,10,6,17,16,0,4
2012,326,Texas State,true,roster_present_with_identifiable_ol,2009,2010,true,evaluable_complete_history_window,,106,106,106,106,105,105,0,0,20,20,0,0,20,0,20,0,3
2012,328,Utah State,true,roster_present_with_identifiable_ol,2009,2010,true,evaluable_complete_history_window,,113,113,113,113,112,112,0,0,18,18,0,10,8,18,18,0,4
2012,333,Alabama,true,roster_present_with_identifiable_ol,2009,2010,true,evaluable_complete_history_window,,119,119,119,119,119,118,0,0,19,19,0,10,9,22,19,0,1
2012,344,Mississippi State,true,roster_present_with_identifiable_ol,2009,2010,true,evaluable_complete_history_window,,115,115,115,115,113,113,0,0,21,21,0,16,5,30,21,0,12
2012,349,Army,true,roster_present_with_identifiable_ol,2009,2010,true,evaluable_complete_history_window,,154,154,154,154,153,153,0,0,33,33,0,19,14,36,33,0,4
2012,356,Illinois,true,roster_present_with_identifiable_ol,2009,2010,true,evaluable_complete_history_window,,107,107,107,107,107,107,0,0,18,18,0,15,3,29,18,0,0
2012,2005,Air Force,true,roster_present_with_identifiable_ol,2009,2010,true,evaluable_complete_history_window,,86,86,86,86,86,86,0,0,13,13,0,10,3,14,13,0,16
2012,2006,Akron,true,roster_present_with_identifiable_ol,2009,2010,true,evaluable_complete_history_window,,101,101,101,101,98,98,0,0,13,13,0,10,3,19,13,0,4
2012,2032,Arkansas State,true,roster_present_with_identifiable_ol,2009,2010,true,evaluable_complete_history_window,,114,114,114,114,114,113,0,0,20,20,0,13,7,24,20,0,5
2012,2050,Ball State,true,roster_present_with_identifiable_ol,2009,2010,true,evaluable_complete_history_window,,106,106,106,106,105,105,0,0,20,20,0,12,8,25,20,0,5
2012,2084,Buffalo,true,roster_present_with_identifiable_ol,2009,2010,true,evaluable_complete_history_window,,103,103,103,103,103,103,0,0,22,22,0,15,7,24,22,0,0
2012,2116,UCF,true,roster_present_with_identifiable_ol,2009,2010,true,evaluable_complete_history_window,,103,103,103,103,103,103,0,0,17,17,0,10,7,21,17,0,7
2012,2117,Central Michigan,true,roster_present_with_identifiable_ol,2009,2010,true,evaluable_complete_history_window,,107,107,107,107,107,107,0,0,18,18,0,13,5,30,18,0,0
2012,2132,Cincinnati,true,roster_present_with_identifiable_ol,2009,2010,true,evaluable_complete_history_window,,113,113,113,113,113,113,0,0,16,16,0,14,2,27,16,0,0
2012,2199,Eastern Michigan,true,roster_present_with_identifiable_ol,2009,2010,true,evaluable_complete_history_window,,105,105,105,105,105,105,0,0,16,16,0,12,4,26,16,0,0
2012,2226,Florida Atlantic,true,roster_present_with_identifiable_ol,2009,2010,true,evaluable_complete_history_window,,119,119,119,119,117,116,0,0,25,25,0,14,11,31,25,0,3
2012,2229,Florida International,true,roster_present_with_identifiable_ol,2009,2010,true,evaluable_complete_history_window,,110,110,110,110,109,105,0,0,19,19,0,10,9,20,19,0,5
2012,2294,Iowa,true,roster_present_with_identifiable_ol,2009,2010,true,evaluable_complete_history_window,,110,110,110,110,110,110,0,0,17,17,0,12,5,26,17,0,2
2012,2305,Kansas,true,roster_present_with_identifiable_ol,2009,2010,true,evaluable_complete_history_window,,108,108,108,108,108,108,0,0,16,16,0,12,4,23,16,0,5
2012,2306,Kansas State,true,roster_present_with_identifiable_ol,2009,2010,true,evaluable_complete_history_window,,124,124,124,124,124,124,0,0,16,16,0,12,4,24,16,0,0
2012,2309,Kent State,true,roster_present_with_identifiable_ol,2009,2010,true,evaluable_complete_history_window,,106,106,106,106,106,106,0,0,21,21,0,14,7,29,21,0,0
2012,2348,Louisiana Tech,true,roster_present_with_identifiable_ol,2009,2010,true,evaluable_complete_history_window,,114,114,114,114,114,114,0,0,20,20,0,13,7,26,20,0,2
2012,2390,Miami,true,roster_present_with_identifiable_ol,2009,2010,true,evaluable_complete_history_window,,115,115,115,115,112,111,0,0,16,16,0,11,5,22,16,0,3
2012,2393,Middle Tennessee,true,roster_present_with_identifiable_ol,2009,2010,true,evaluable_complete_history_window,,114,114,114,114,114,103,0,0,18,18,0,11,7,20,18,0,2
2012,2426,Navy,true,roster_present_with_identifiable_ol,2009,2010,true,evaluable_complete_history_window,,166,166,166,166,166,166,0,0,31,31,0,22,9,41,31,0,24
2012,2433,UL Monroe,true,roster_present_with_identifiable_ol,2009,2010,true,evaluable_complete_history_window,,88,88,88,88,88,88,0,0,15,15,0,10,5,17,15,0,1
2012,2439,UNLV,true,roster_present_with_identifiable_ol,2009,2010,true,evaluable_complete_history_window,,89,89,89,89,88,84,0,0,17,17,0,10,7,20,17,0,1
2012,2440,Nevada,true,roster_present_with_identifiable_ol,2009,2010,true,evaluable_complete_history_window,,103,103,103,103,102,102,0,0,17,17,0,8,9,19,17,0,1
2012,2459,Northern Illinois,true,roster_present_with_identifiable_ol,2009,2010,true,evaluable_complete_history_window,,109,109,109,109,109,109,0,0,21,21,0,12,9,24,21,0,4
2012,2483,Oregon,true,roster_present_with_identifiable_ol,2009,2010,true,evaluable_complete_history_window,,107,107,107,107,106,106,0,0,19,19,0,17,2,33,19,0,2
2012,2509,Purdue,true,roster_present_with_identifiable_ol,2009,2010,true,evaluable_complete_history_window,,109,109,109,109,109,107,0,0,16,16,0,10,6,25,16,0,0
2012,2567,SMU,true,roster_present_with_identifiable_ol,2009,2010,true,evaluable_complete_history_window,,114,114,114,114,113,113,0,0,18,18,0,12,6,24,18,0,3
2012,2572,Southern Miss,true,roster_present_with_identifiable_ol,2009,2010,true,evaluable_complete_history_window,,97,97,97,97,97,97,0,0,20,20,0,13,7,27,20,0,1
2012,2579,South Carolina,true,roster_present_with_identifiable_ol,2009,2010,true,evaluable_complete_history_window,,116,116,116,116,115,115,0,0,15,15,0,10,5,16,15,0,17
2012,2628,TCU,true,roster_present_with_identifiable_ol,2009,2010,true,evaluable_complete_history_window,,117,117,117,117,117,115,0,0,22,22,0,15,7,32,22,0,7
2012,2633,Tennessee,true,roster_present_with_identifiable_ol,2009,2010,true,evaluable_complete_history_window,,117,117,117,117,117,116,0,0,18,18,0,10,8,20,18,0,4
2012,2636,UTSA,true,roster_present_with_identifiable_ol,2009,2010,true,evaluable_complete_history_window,,99,99,99,99,98,98,0,0,15,15,0,0,15,0,15,0,3
2012,2638,UTEP,true,roster_present_with_identifiable_ol,2009,2010,true,evaluable_complete_history_window,,104,104,104,104,102,102,0,0,16,16,0,12,4,23,16,0,2
2012,2641,Texas Tech,true,roster_present_with_identifiable_ol,2009,2010,true,evaluable_complete_history_window,,105,105,105,105,105,105,0,0,15,15,0,10,5,20,15,0,5
2012,2649,Toledo,true,roster_present_with_identifiable_ol,2009,2010,true,evaluable_complete_history_window,,108,108,108,108,107,107,0,0,18,18,0,11,7,22,18,0,1
2012,2653,Troy,true,roster_present_with_identifiable_ol,2009,2010,true,evaluable_complete_history_window,,123,123,123,123,123,123,0,0,17,17,0,11,6,19,17,0,1
2012,2655,Tulane,true,roster_present_with_identifiable_ol,2009,2010,true,evaluable_complete_history_window,,103,103,103,103,102,102,0,0,15,15,0,9,6,19,15,0,3
2012,2711,Western Michigan,true,roster_present_with_identifiable_ol,2009,2010,true,evaluable_complete_history_window,,105,105,105,105,103,103,0,0,19,19,0,12,7,23,19,0,10
2012,2751,Wyoming,true,roster_present_with_identifiable_ol,2009,2010,true,evaluable_complete_history_window,,110,110,110,110,109,109,0,0,20,20,0,14,6,23,20,0,10
2013,2,Auburn,true,roster_present_with_identifiable_ol,2009,2010,true,evaluable_complete_history_window,,116,116,116,116,115,115,0,0,18,18,0,13,5,19,18,0,3
2013,5,UAB,true,roster_present_with_identifiable_ol,2009,2010,true,evaluable_complete_history_window,,110,110,110,110,110,110,0,0,18,18,0,15,3,29,18,0,2
2013,6,South Alabama,true,roster_present_with_identifiable_ol,2009,2010,true,evaluable_complete_history_window,,115,115,115,115,114,113,0,0,18,18,0,13,5,13,18,0,1
2013,8,Arkansas,true,roster_present_with_identifiable_ol,2009,2010,true,evaluable_complete_history_window,,121,121,121,121,120,120,0,0,18,18,0,12,6,27,18,0,1
2013,9,Arizona State,true,roster_present_with_identifiable_ol,2009,2010,true,evaluable_complete_history_window,,108,108,108,108,107,106,0,0,16,16,0,11,5,25,16,0,1
2013,12,Arizona,true,roster_present_with_identifiable_ol,2009,2010,true,evaluable_complete_history_window,,121,121,121,121,121,120,0,0,17,17,0,13,4,28,17,0,3
2013,21,San Diego State,true,roster_present_with_identifiable_ol,2009,2010,true,evaluable_complete_history_window,,111,111,111,111,110,110,0,0,19,19,0,12,7,24,19,0,1
2013,23,San José State,true,roster_present_with_identifiable_ol,2009,2010,true,evaluable_complete_history_window,,108,108,108,108,106,106,0,0,22,22,0,15,7,33,22,0,2
2013,24,Stanford,true,roster_present_with_identifiable_ol,2009,2010,true,evaluable_complete_history_window,,111,111,111,111,110,110,0,0,21,21,0,17,4,36,21,0,11
2013,25,California,true,roster_present_with_identifiable_ol,2009,2010,true,evaluable_complete_history_window,,123,123,123,123,122,122,0,0,19,19,0,13,6,27,19,0,1
2013,26,UCLA,true,roster_present_with_identifiable_ol,2009,2010,true,evaluable_complete_history_window,,120,120,120,120,117,117,0,0,13,13,0,7,6,14,13,0,3
2013,30,USC,true,roster_present_with_identifiable_ol,2009,2010,true,evaluable_complete_history_window,,113,113,113,113,112,112,0,0,18,18,0,13,5,24,18,0,9
2013,36,Colorado State,true,roster_present_with_identifiable_ol,2009,2010,true,evaluable_complete_history_window,,109,109,109,109,109,109,0,0,18,18,0,11,7,26,18,0,0
2013,38,Colorado,true,roster_present_with_identifiable_ol,2009,2010,true,evaluable_complete_history_window,,118,118,118,118,117,116,0,0,18,18,0,9,9,20,18,0,7
2013,41,UConn,true,roster_present_with_identifiable_ol,2009,2010,true,evaluable_complete_history_window,,106,106,106,106,106,106,0,0,20,20,0,14,6,30,20,0,1
2013,52,Florida State,true,roster_present_with_identifiable_ol,2009,2010,true,evaluable_complete_history_window,,134,134,134,134,132,130,0,0,21,21,0,12,9,26,21,0,4
2013,57,Florida,true,roster_present_with_identifiable_ol,2009,2010,true,evaluable_complete_history_window,,122,122,122,122,122,121,0,0,18,18,0,9,9,23,18,0,1
2013,58,South Florida,true,roster_present_with_identifiable_ol,2009,2010,true,evaluable_complete_history_window,,107,107,107,107,105,105,0,0,17,17,0,13,4,28,17,0,2
2013,59,Georgia Tech,true,roster_present_with_identifiable_ol,2009,2010,true,evaluable_complete_history_window,,123,123,123,123,120,116,0,0,22,22,0,13,9,26,22,0,9
2013,61,Georgia,true,roster_present_with_identifiable_ol,2009,2010,true,evaluable_complete_history_window,,129,129,129,129,128,128,0,0,20,20,0,13,7,27,20,0,36
2013,62,Hawai'i,true,roster_present_with_identifiable_ol,2009,2010,true,evaluable_complete_history_window,,111,111,111,111,111,111,0,0,16,16,0,10,6,17,16,0,0
2013,66,Iowa State,true,roster_present_with_identifiable_ol,2009,2010,true,evaluable_complete_history_window,,135,135,135,135,133,131,0,0,21,21,0,12,9,29,21,0,6
2013,68,Boise State,true,roster_present_with_identifiable_ol,2009,2010,true,evaluable_complete_history_window,,104,104,104,104,103,102,0,0,18,18,0,11,7,24,18,0,6
2013,70,Idaho,true,roster_present_no_identifiable_ol,2009,2010,true,evaluable_complete_history_window,,29,29,29,29,21,2,0,0,0,0,0,0,0,0,0,0,8
2013,77,Northwestern,true,roster_present_with_identifiable_ol,2009,2010,true,evaluable_complete_history_window,,113,113,113,113,112,112,0,0,20,20,0,13,7,24,20,0,7
2013,84,Indiana,true,roster_present_with_identifiable_ol,2009,2010,true,evaluable_complete_history_window,,117,117,117,117,117,117,0,0,18,18,0,15,3,28,18,0,0
2013,87,Notre Dame,true,roster_present_with_identifiable_ol,2009,2010,true,evaluable_complete_history_window,,111,111,111,111,109,109,0,0,14,14,0,10,4,22,14,0,4
2013,96,Kentucky,true,roster_present_with_identifiable_ol,2009,2010,true,evaluable_complete_history_window,,115,115,115,115,115,113,0,0,17,17,0,12,5,22,17,0,1
2013,97,Louisville,true,roster_present_with_identifiable_ol,2009,2010,true,evaluable_complete_history_window,,115,115,115,115,113,113,0,0,21,21,0,17,4,34,21,0,2
2013,98,Western Kentucky,true,roster_present_with_identifiable_ol,2009,2010,true,evaluable_complete_history_window,,102,102,102,102,102,102,0,0,17,17,0,7,10,18,17,0,0
2013,99,LSU,true,roster_present_with_identifiable_ol,2009,2010,true,evaluable_complete_history_window,,122,122,122,122,122,122,0,0,17,17,0,11,6,21,17,0,0
2013,103,Boston College,true,roster_present_with_identifiable_ol,2009,2010,true,evaluable_complete_history_window,,97,97,97,97,97,97,0,0,15,15,0,13,2,30,15,0,0
2013,113,Massachusetts,true,roster_present_with_identifiable_ol,2009,2010,true,evaluable_complete_history_window,,105,105,105,105,105,105,0,0,16,16,0,4,12,4,16,0,0
2013,120,Maryland,true,roster_present_with_identifiable_ol,2009,2010,true,evaluable_complete_history_window,,108,108,108,108,108,108,0,0,18,18,0,11,7,25,18,0,1
2013,127,Michigan State,true,roster_present_with_identifiable_ol,2009,2010,true,evaluable_complete_history_window,,112,112,112,112,111,111,0,0,19,19,0,17,2,40,19,0,1
2013,130,Michigan,true,roster_present_with_identifiable_ol,2009,2010,true,evaluable_complete_history_window,,116,116,116,116,116,116,0,0,19,19,0,13,6,28,19,0,0
2013,135,Minnesota,true,roster_present_with_identifiable_ol,2009,2010,true,evaluable_complete_history_window,,124,124,124,124,123,122,0,0,20,20,0,16,4,36,20,0,2
2013,142,Missouri,true,roster_present_with_identifiable_ol,2009,2010,true,evaluable_complete_history_window,,134,134,134,134,134,134,0,0,26,26,0,18,8,39,26,0,9
2013,145,Ole Miss,true,roster_present_with_identifiable_ol,2009,2010,true,evaluable_complete_history_window,,125,125,125,125,124,124,0,0,20,20,0,12,8,26,20,0,1
2013,150,Duke,true,roster_present_with_identifiable_ol,2009,2010,true,evaluable_complete_history_window,,114,114,114,114,114,114,0,0,20,20,0,14,6,34,20,0,1
2013,151,East Carolina,true,roster_present_with_identifiable_ol,2009,2010,true,evaluable_complete_history_window,,127,127,127,127,127,118,0,0,19,19,0,14,5,31,19,0,4
2013,152,NC State,true,roster_present_with_identifiable_ol,2009,2010,true,evaluable_complete_history_window,,113,113,113,113,113,113,0,0,19,19,0,11,8,24,19,0,0
2013,153,North Carolina,true,roster_present_with_identifiable_ol,2009,2010,true,evaluable_complete_history_window,,111,111,111,111,111,111,0,0,17,17,0,12,5,25,17,0,8
2013,154,Wake Forest,true,roster_present_with_identifiable_ol,2009,2010,true,evaluable_complete_history_window,,105,105,105,105,104,104,0,0,17,17,0,11,6,27,17,0,12
2013,158,Nebraska,true,roster_present_with_identifiable_ol,2009,2010,true,evaluable_complete_history_window,,137,137,137,137,136,136,0,0,25,25,0,18,7,47,25,0,1
2013,164,Rutgers,true,roster_present_with_identifiable_ol,2009,2010,true,evaluable_complete_history_window,,131,131,131,131,131,131,0,0,27,27,0,9,18,17,27,0,0
2013,166,New Mexico State,true,roster_present_with_identifiable_ol,2009,2010,true,evaluable_complete_history_window,,99,99,99,99,99,97,0,0,14,14,0,9,5,16,14,0,4
2013,167,New Mexico,true,roster_present_with_identifiable_ol,2009,2010,true,evaluable_complete_history_window,,115,115,115,115,114,114,0,0,18,18,0,13,5,26,18,0,2
2013,183,Syracuse,true,roster_present_with_identifiable_ol,2009,2010,true,evaluable_complete_history_window,,110,110,110,110,109,109,0,0,17,17,0,11,6,20,17,0,8
2013,189,Bowling Green,true,roster_present_with_identifiable_ol,2009,2010,true,evaluable_complete_history_window,,110,110,110,110,107,107,0,0,15,15,0,11,4,20,15,0,3
2013,193,Miami (OH),true,roster_present_with_identifiable_ol,2009,2010,true,evaluable_complete_history_window,,101,101,101,101,101,101,0,0,17,17,0,11,6,20,17,0,0
2013,194,Ohio State,true,roster_present_with_identifiable_ol,2009,2010,true,evaluable_complete_history_window,,115,115,115,115,114,114,0,0,21,21,0,16,5,38,21,0,3
2013,195,Ohio,true,roster_present_with_identifiable_ol,2009,2010,true,evaluable_complete_history_window,,117,117,117,117,116,116,0,0,19,19,0,14,5,29,19,0,1
2013,197,Oklahoma State,true,roster_present_with_identifiable_ol,2009,2010,true,evaluable_complete_history_window,,132,132,132,132,132,132,0,0,18,18,0,10,8,21,18,0,1
2013,201,Oklahoma,true,roster_present_with_identifiable_ol,2009,2010,true,evaluable_complete_history_window,,111,111,111,111,111,111,0,0,21,21,0,13,8,30,21,0,0
2013,202,Tulsa,true,roster_present_with_identifiable_ol,2009,2010,true,evaluable_complete_history_window,,110,110,110,110,109,109,0,0,18,18,0,13,5,24,18,0,4
2013,204,Oregon State,true,roster_present_with_identifiable_ol,2009,2010,true,evaluable_complete_history_window,,114,114,114,114,114,113,0,0,19,19,0,12,7,23,19,0,0
2013,213,Penn State,true,roster_present_with_identifiable_ol,2009,2010,true,evaluable_complete_history_window,,115,115,115,115,115,115,0,0,23,23,0,14,9,31,23,0,0
2013,218,Temple,true,roster_present_with_identifiable_ol,2009,2010,true,evaluable_complete_history_window,,118,118,118,118,118,117,0,0,29,29,0,17,12,44,29,0,0
2013,221,Pittsburgh,true,roster_present_with_identifiable_ol,2009,2010,true,evaluable_complete_history_window,,98,98,98,98,98,98,0,0,15,15,0,10,5,26,15,0,0
2013,228,Clemson,true,roster_present_with_identifiable_ol,2009,2010,true,evaluable_complete_history_window,,113,113,113,113,113,113,0,0,23,23,0,17,6,38,23,0,0
2013,235,Memphis,true,roster_present_with_identifiable_ol,2009,2010,true,evaluable_complete_history_window,,120,120,120,120,120,120,0,0,22,22,0,12,10,18,22,0,1
2013,238,Vanderbilt,true,roster_present_with_identifiable_ol,2009,2010,true,evaluable_complete_history_window,,106,106,106,106,106,106,0,0,14,14,0,11,3,20,14,0,0
2013,239,Baylor,true,roster_present_with_identifiable_ol,2009,2010,true,evaluable_complete_history_window,,111,111,111,111,111,111,0,0,16,16,0,10,6,25,16,0,2
2013,242,Rice,true,roster_present_with_identifiable_ol,2009,2010,true,evaluable_complete_history_window,,107,107,107,107,107,107,0,0,16,16,0,13,3,27,16,0,1
2013,245,Texas A&M,true,roster_present_with_identifiable_ol,2009,2010,true,evaluable_complete_history_window,,118,118,118,118,118,118,0,0,16,16,0,11,5,23,16,0,2
2013,248,Houston,true,roster_present_with_identifiable_ol,2009,2010,true,evaluable_complete_history_window,,116,116,116,116,115,115,0,0,18,18,0,12,6,31,18,0,1
2013,249,North Texas,true,roster_present_with_identifiable_ol,2009,2010,true,evaluable_complete_history_window,,106,106,106,106,106,106,0,0,17,17,0,10,7,21,17,0,3
2013,251,Texas,true,roster_present_with_identifiable_ol,2009,2010,true,evaluable_complete_history_window,,120,120,120,120,120,120,0,0,21,21,0,14,7,30,21,0,5
2013,252,BYU,true,roster_present_with_identifiable_ol,2009,2010,true,evaluable_complete_history_window,,149,149,149,149,149,149,0,0,25,25,0,14,11,33,25,0,2
2013,254,Utah,true,roster_present_with_identifiable_ol,2009,2010,true,evaluable_complete_history_window,,123,123,123,123,122,115,0,0,19,19,0,14,5,31,19,0,1
2013,258,Virginia,true,roster_present_with_identifiable_ol,2009,2010,true,evaluable_complete_history_window,,112,112,112,112,111,111,0,0,21,21,0,14,7,33,21,0,17
2013,259,Virginia Tech,true,roster_present_with_identifiable_ol,2009,2010,true,evaluable_complete_history_window,,121,121,121,121,121,108,0,0,21,21,0,14,7,32,21,0,16
2013,264,Washington,true,roster_present_with_identifiable_ol,2009,2010,true,evaluable_complete_history_window,,104,104,104,104,103,101,0,0,18,18,0,14,4,29,18,0,8
2013,265,Washington State,true,roster_present_with_identifiable_ol,2009,2010,true,evaluable_complete_history_window,,113,113,113,113,113,113,0,0,21,21,0,12,9,24,21,0,0
2013,275,Wisconsin,true,roster_present_with_identifiable_ol,2009,2010,true,evaluable_complete_history_window,,123,123,123,123,123,123,0,0,19,19,0,12,7,28,19,0,3
2013,276,Marshall,true,roster_present_with_identifiable_ol,2009,2010,true,evaluable_complete_history_window,,104,104,104,104,103,103,0,0,21,21,0,14,7,30,21,0,1
2013,277,West Virginia,true,roster_present_with_identifiable_ol,2009,2010,true,evaluable_complete_history_window,,120,120,120,120,120,119,0,0,17,17,0,11,6,23,17,0,0
2013,278,Fresno State,true,roster_present_with_identifiable_ol,2009,2010,true,evaluable_complete_history_window,,102,102,102,102,102,102,0,0,18,18,0,10,8,23,18,0,5
2013,309,Louisiana,true,roster_present_with_identifiable_ol,2009,2010,true,evaluable_complete_history_window,,115,115,115,115,115,103,0,0,17,17,0,11,6,23,17,0,3
2013,326,Texas State,true,roster_present_with_identifiable_ol,2009,2010,true,evaluable_complete_history_window,,111,111,111,111,110,110,0,0,20,20,0,14,6,14,20,0,3
2013,328,Utah State,true,roster_present_with_identifiable_ol,2009,2010,true,evaluable_complete_history_window,,113,113,113,113,111,110,0,0,20,20,0,13,7,27,20,0,8
2013,333,Alabama,true,roster_present_with_identifiable_ol,2009,2010,true,evaluable_complete_history_window,,115,115,115,115,115,115,0,0,18,18,0,11,7,19,18,0,2
2013,344,Mississippi State,true,roster_present_with_identifiable_ol,2009,2010,true,evaluable_complete_history_window,,110,110,110,110,109,109,0,0,20,20,0,16,4,37,20,0,4
2013,349,Army,true,roster_present_with_identifiable_ol,2009,2010,true,evaluable_complete_history_window,,157,157,157,157,156,156,0,0,33,33,0,22,11,41,33,0,2
2013,356,Illinois,true,roster_present_with_identifiable_ol,2009,2010,true,evaluable_complete_history_window,,117,117,117,117,117,117,0,0,16,16,0,12,4,30,16,0,0
2013,2005,Air Force,true,roster_present_with_identifiable_ol,2009,2010,true,evaluable_complete_history_window,,97,97,97,97,97,96,0,0,16,16,0,8,8,13,16,0,17
2013,2006,Akron,true,roster_present_with_identifiable_ol,2009,2010,true,evaluable_complete_history_window,,108,108,108,108,105,105,0,0,19,19,0,10,9,22,19,0,3
2013,2032,Arkansas State,true,roster_present_with_identifiable_ol,2009,2010,true,evaluable_complete_history_window,,115,115,115,115,115,112,0,0,17,17,0,13,4,26,17,0,4
2013,2050,Ball State,true,roster_present_with_identifiable_ol,2009,2010,true,evaluable_complete_history_window,,109,109,109,109,108,108,0,0,21,21,0,14,7,24,21,0,6
2013,2084,Buffalo,true,roster_present_with_identifiable_ol,2009,2010,true,evaluable_complete_history_window,,102,102,102,102,102,102,0,0,18,18,0,13,5,25,18,0,0
2013,2116,UCF,true,roster_present_with_identifiable_ol,2009,2010,true,evaluable_complete_history_window,,103,103,103,103,103,103,0,0,18,18,0,11,7,22,18,0,5
2013,2117,Central Michigan,true,roster_present_with_identifiable_ol,2009,2010,true,evaluable_complete_history_window,,106,106,106,106,106,106,0,0,20,20,0,12,8,27,20,0,0
2013,2132,Cincinnati,true,roster_present_with_identifiable_ol,2009,2010,true,evaluable_complete_history_window,,112,112,112,112,112,112,0,0,20,20,0,13,7,33,20,0,0
2013,2199,Eastern Michigan,true,roster_present_with_identifiable_ol,2009,2010,true,evaluable_complete_history_window,,101,101,101,101,101,101,0,0,16,16,0,10,6,22,16,0,0
2013,2226,Florida Atlantic,true,roster_present_with_identifiable_ol,2009,2010,true,evaluable_complete_history_window,,120,120,120,120,118,117,0,0,22,22,0,12,10,25,22,0,3
2013,2229,Florida International,true,roster_present_with_identifiable_ol,2009,2010,true,evaluable_complete_history_window,,104,104,104,104,104,103,0,0,17,17,0,6,11,13,17,0,0
2013,2247,Georgia State,true,roster_present_with_identifiable_ol,2009,2010,true,evaluable_complete_history_window,,108,108,108,108,108,107,0,0,19,19,0,0,19,0,19,0,2
2013,2294,Iowa,true,roster_present_with_identifiable_ol,2009,2010,true,evaluable_complete_history_window,,127,127,127,127,126,125,0,0,20,20,0,13,7,29,20,0,2
2013,2305,Kansas,true,roster_present_with_identifiable_ol,2009,2010,true,evaluable_complete_history_window,,105,105,105,105,105,105,0,0,16,16,0,10,6,22,16,0,6
2013,2306,Kansas State,true,roster_present_with_identifiable_ol,2009,2010,true,evaluable_complete_history_window,,132,132,132,132,132,132,0,0,18,18,0,10,8,25,18,0,0
2013,2309,Kent State,true,roster_present_with_identifiable_ol,2009,2010,true,evaluable_complete_history_window,,101,101,101,101,101,101,0,0,14,14,0,11,3,20,14,0,0
2013,2348,Louisiana Tech,true,roster_present_with_identifiable_ol,2009,2010,true,evaluable_complete_history_window,,104,104,104,104,104,104,0,0,19,19,0,11,8,22,19,0,2
2013,2390,Miami,true,roster_present_with_identifiable_ol,2009,2010,true,evaluable_complete_history_window,,118,118,118,118,116,116,0,0,14,14,0,11,3,24,14,0,2
2013,2393,Middle Tennessee,true,roster_present_with_identifiable_ol,2009,2010,true,evaluable_complete_history_window,,105,105,105,105,105,102,0,0,17,17,0,12,5,26,17,0,2
2013,2426,Navy,true,roster_present_with_identifiable_ol,2009,2010,true,evaluable_complete_history_window,,157,157,157,157,157,157,0,0,26,26,0,17,9,32,26,0,24
2013,2433,UL Monroe,true,roster_present_with_identifiable_ol,2009,2010,true,evaluable_complete_history_window,,88,88,88,88,88,86,0,0,15,15,0,10,5,21,15,0,1
2013,2439,UNLV,true,roster_present_with_identifiable_ol,2009,2010,true,evaluable_complete_history_window,,101,101,101,101,101,92,0,0,19,19,0,13,6,24,19,0,0
2013,2440,Nevada,true,roster_present_with_identifiable_ol,2009,2010,true,evaluable_complete_history_window,,109,109,109,109,108,108,0,0,17,17,0,9,8,17,17,0,1
2013,2459,Northern Illinois,true,roster_present_with_identifiable_ol,2009,2010,true,evaluable_complete_history_window,,107,107,107,107,107,107,0,0,20,20,0,16,4,36,20,0,7
2013,2483,Oregon,true,roster_present_with_identifiable_ol,2009,2010,true,evaluable_complete_history_window,,116,116,116,116,116,116,0,0,20,20,0,13,7,34,20,0,0
2013,2509,Purdue,true,roster_present_with_identifiable_ol,2009,2010,true,evaluable_complete_history_window,,115,115,115,115,115,115,0,0,18,18,0,14,4,33,18,0,0
2013,2567,SMU,true,roster_present_with_identifiable_ol,2009,2010,true,evaluable_complete_history_window,,114,114,114,114,114,113,0,0,16,16,0,12,4,22,16,0,0
2013,2572,Southern Miss,true,roster_present_with_identifiable_ol,2009,2010,true,evaluable_complete_history_window,,113,113,113,113,112,112,0,0,19,19,0,13,6,23,19,0,2
2013,2579,South Carolina,true,roster_present_with_identifiable_ol,2009,2010,true,evaluable_complete_history_window,,110,110,110,110,110,110,0,0,15,15,0,10,5,19,15,0,10
2013,2628,TCU,true,roster_present_with_identifiable_ol,2009,2010,true,evaluable_complete_history_window,,123,123,123,123,122,120,0,0,23,23,0,15,8,32,23,0,6
2013,2633,Tennessee,true,roster_present_with_identifiable_ol,2009,2010,true,evaluable_complete_history_window,,126,126,126,126,126,125,0,0,18,18,0,11,7,22,18,0,3
2013,2636,UTSA,true,roster_present_with_identifiable_ol,2009,2010,true,evaluable_complete_history_window,,115,115,115,115,114,114,0,0,18,18,0,12,6,12,18,0,4
2013,2638,UTEP,true,roster_present_with_identifiable_ol,2009,2010,true,evaluable_complete_history_window,,101,101,101,101,99,99,0,0,16,16,0,10,6,23,16,0,2
2013,2641,Texas Tech,true,roster_present_with_identifiable_ol,2009,2010,true,evaluable_complete_history_window,,111,111,111,111,111,110,0,0,16,16,0,9,7,17,16,0,2
2013,2649,Toledo,true,roster_present_with_identifiable_ol,2009,2010,true,evaluable_complete_history_window,,115,115,115,115,114,113,0,0,20,20,0,13,7,28,20,0,1
2013,2653,Troy,true,roster_present_with_identifiable_ol,2009,2010,true,evaluable_complete_history_window,,117,117,117,117,117,115,0,0,16,16,0,10,6,21,16,0,1
2013,2655,Tulane,true,roster_present_with_identifiable_ol,2009,2010,true,evaluable_complete_history_window,,101,101,101,101,100,100,0,0,18,18,0,13,5,28,18,0,2
2013,2711,Western Michigan,true,roster_present_with_identifiable_ol,2009,2010,true,evaluable_complete_history_window,,107,107,107,107,106,106,0,0,17,17,0,12,5,24,17,0,7
2013,2751,Wyoming,true,roster_present_with_identifiable_ol,2009,2010,true,evaluable_complete_history_window,,108,108,108,108,107,107,0,0,21,21,0,11,10,17,21,0,10
2014,2,Auburn,true,roster_present_with_identifiable_ol,2009,2010,true,evaluable_complete_history_window,,127,127,127,127,125,125,0,0,17,17,0,12,5,23,17,0,5
2014,5,UAB,true,roster_present_with_identifiable_ol,2009,2010,true,evaluable_complete_history_window,,108,108,108,108,108,108,0,0,15,15,0,10,5,21,15,0,2
2014,6,South Alabama,true,roster_present_with_identifiable_ol,2009,2010,true,evaluable_complete_history_window,,119,119,119,119,119,118,0,0,18,18,0,15,3,26,18,0,0
2014,8,Arkansas,true,roster_present_with_identifiable_ol,2009,2010,true,evaluable_complete_history_window,,118,118,118,118,117,117,0,0,22,22,0,13,9,28,22,0,1
2014,9,Arizona State,true,roster_present_with_identifiable_ol,2009,2010,true,evaluable_complete_history_window,,114,114,114,114,114,113,0,0,17,17,0,12,5,28,17,0,0
2014,12,Arizona,true,roster_present_with_identifiable_ol,2009,2010,true,evaluable_complete_history_window,,123,123,123,123,123,122,0,0,18,18,0,11,7,27,18,0,3
2014,21,San Diego State,true,roster_present_with_identifiable_ol,2009,2010,true,evaluable_complete_history_window,,118,118,118,118,116,116,0,0,19,19,0,15,4,30,19,0,2
2014,23,San José State,true,roster_present_with_identifiable_ol,2009,2010,true,evaluable_complete_history_window,,111,111,111,111,111,111,0,0,21,21,0,16,5,31,21,0,0
2014,24,Stanford,true,roster_present_with_identifiable_ol,2009,2010,true,evaluable_complete_history_window,,107,107,107,107,107,107,0,0,19,19,0,12,7,25,19,0,9
2014,25,California,true,roster_present_with_identifiable_ol,2009,2010,true,evaluable_complete_history_window,,124,124,124,124,123,123,0,0,19,19,0,11,8,24,19,0,2
2014,26,UCLA,true,roster_present_with_identifiable_ol,2009,2010,true,evaluable_complete_history_window,,126,126,126,126,124,124,0,0,17,17,0,11,6,19,17,0,2
2014,30,USC,true,roster_present_with_identifiable_ol,2009,2010,true,evaluable_complete_history_window,,123,123,123,123,122,122,0,0,18,18,0,10,8,19,18,0,6
2014,36,Colorado State,true,roster_present_with_identifiable_ol,2009,2010,true,evaluable_complete_history_window,,115,115,115,115,115,114,0,0,19,19,0,13,6,25,19,0,0
2014,38,Colorado,true,roster_present_with_identifiable_ol,2009,2010,true,evaluable_complete_history_window,,112,112,112,112,112,111,0,0,21,21,0,15,6,27,21,0,7
2014,41,UConn,true,roster_present_with_identifiable_ol,2009,2010,true,evaluable_complete_history_window,,96,96,96,96,96,96,0,0,19,19,0,14,5,30,19,0,0
2014,52,Florida State,true,roster_present_with_identifiable_ol,2009,2010,true,evaluable_complete_history_window,,126,126,126,126,125,124,0,0,22,22,0,12,10,25,22,0,1
2014,57,Florida,true,roster_present_with_identifiable_ol,2009,2010,true,evaluable_complete_history_window,,120,120,120,120,119,118,0,0,19,19,0,11,8,18,19,0,1
2014,58,South Florida,true,roster_present_with_identifiable_ol,2009,2010,true,evaluable_complete_history_window,,116,116,116,116,115,115,0,0,19,19,0,11,8,29,19,0,1
2014,59,Georgia Tech,true,roster_present_with_identifiable_ol,2009,2010,true,evaluable_complete_history_window,,117,117,117,117,115,115,0,0,23,23,0,15,8,29,23,0,11
2014,61,Georgia,true,roster_present_with_identifiable_ol,2009,2010,true,evaluable_complete_history_window,,129,129,129,129,128,128,0,0,22,22,0,17,5,33,22,0,31
2014,62,Hawai'i,true,roster_present_with_identifiable_ol,2009,2010,true,evaluable_complete_history_window,,106,106,106,106,106,105,0,0,15,15,0,12,3,26,15,0,0
2014,66,Iowa State,true,roster_present_with_identifiable_ol,2009,2010,true,evaluable_complete_history_window,,131,131,131,131,129,128,0,0,23,23,0,18,5,36,23,0,5
2014,68,Boise State,true,roster_present_with_identifiable_ol,2009,2010,true,evaluable_complete_history_window,,109,109,109,109,109,108,0,0,18,18,0,11,7,19,18,0,7
2014,70,Idaho,true,roster_present_no_identifiable_ol,2009,2010,true,evaluable_complete_history_window,,29,29,29,29,24,7,0,0,0,0,0,0,0,0,0,0,6
2014,77,Northwestern,true,roster_present_with_identifiable_ol,2009,2010,true,evaluable_complete_history_window,,114,114,114,114,113,113,0,0,19,19,0,18,1,40,19,0,11
2014,84,Indiana,true,roster_present_with_identifiable_ol,2009,2010,true,evaluable_complete_history_window,,137,137,137,137,135,135,0,0,20,20,0,14,6,33,20,0,2
2014,87,Notre Dame,true,roster_present_with_identifiable_ol,2009,2010,true,evaluable_complete_history_window,,111,111,111,111,110,110,0,0,15,15,0,10,5,21,15,0,3
2014,96,Kentucky,true,roster_present_with_identifiable_ol,2009,2010,true,evaluable_complete_history_window,,123,123,123,123,123,122,0,0,19,19,0,12,7,24,19,0,1
2014,97,Louisville,true,roster_present_with_identifiable_ol,2009,2010,true,evaluable_complete_history_window,,111,111,111,111,109,108,0,0,17,17,0,13,4,33,17,0,2
2014,98,Western Kentucky,true,roster_present_with_identifiable_ol,2009,2010,true,evaluable_complete_history_window,,111,111,111,111,111,111,0,0,17,17,0,12,5,18,17,0,0
2014,99,LSU,true,roster_present_with_identifiable_ol,2009,2010,true,evaluable_complete_history_window,,124,124,124,124,124,124,0,0,17,17,0,12,5,24,17,0,0
2014,103,Boston College,true,roster_present_with_identifiable_ol,2009,2010,true,evaluable_complete_history_window,,99,99,99,99,98,98,0,0,15,15,0,10,5,31,15,0,1
2014,113,Massachusetts,true,roster_present_with_identifiable_ol,2009,2010,true,evaluable_complete_history_window,,106,106,106,106,106,106,0,0,18,18,0,9,9,11,18,0,1
2014,120,Maryland,true,roster_present_with_identifiable_ol,2009,2010,true,evaluable_complete_history_window,,105,105,105,105,105,105,0,0,17,17,0,12,5,28,17,0,1
2014,127,Michigan State,true,roster_present_with_identifiable_ol,2009,2010,true,evaluable_complete_history_window,,117,117,117,117,116,115,0,0,19,19,0,12,7,29,19,0,1
2014,130,Michigan,true,roster_present_with_identifiable_ol,2009,2010,true,evaluable_complete_history_window,,120,120,120,120,120,120,0,0,17,17,0,14,3,25,17,0,1
2014,135,Minnesota,true,roster_present_with_identifiable_ol,2009,2010,true,evaluable_complete_history_window,,127,127,127,127,126,125,0,0,22,22,0,17,5,42,22,0,2
2014,142,Missouri,true,roster_present_with_identifiable_ol,2009,2010,true,evaluable_complete_history_window,,121,121,121,121,121,121,0,0,25,25,0,21,4,44,25,0,8
2014,145,Ole Miss,true,roster_present_with_identifiable_ol,2009,2010,true,evaluable_complete_history_window,,132,132,132,132,131,131,0,0,19,19,0,10,9,19,19,0,1
2014,150,Duke,true,roster_present_with_identifiable_ol,2009,2010,true,evaluable_complete_history_window,,114,114,114,114,114,114,0,0,21,21,0,15,6,35,21,0,0
2014,151,East Carolina,true,roster_present_with_identifiable_ol,2009,2010,true,evaluable_complete_history_window,,124,124,124,124,124,120,0,0,18,18,0,10,8,21,18,0,2
2014,152,NC State,true,roster_present_with_identifiable_ol,2009,2010,true,evaluable_complete_history_window,,115,115,115,115,115,115,0,0,20,20,0,11,9,21,20,0,1
2014,153,North Carolina,true,roster_present_with_identifiable_ol,2009,2010,true,evaluable_complete_history_window,,124,124,124,124,124,124,0,0,18,18,0,12,6,22,18,0,9
2014,154,Wake Forest,true,roster_present_with_identifiable_ol,2009,2010,true,evaluable_complete_history_window,,109,109,109,109,108,108,0,0,18,18,0,13,5,25,18,0,3
2014,158,Nebraska,true,roster_present_with_identifiable_ol,2009,2010,true,evaluable_complete_history_window,,141,141,141,141,140,140,0,0,23,23,0,16,7,35,23,0,1
2014,164,Rutgers,true,roster_present_with_identifiable_ol,2009,2010,true,evaluable_complete_history_window,,108,108,108,108,108,108,0,0,16,16,0,9,7,26,16,0,0
2014,166,New Mexico State,true,roster_present_with_identifiable_ol,2009,2010,true,evaluable_complete_history_window,,111,111,111,111,109,107,0,0,16,16,0,11,5,22,16,0,2
2014,167,New Mexico,true,roster_present_with_identifiable_ol,2009,2010,true,evaluable_complete_history_window,,117,117,117,117,116,116,0,0,15,15,0,13,2,26,15,0,2
2014,183,Syracuse,true,roster_present_with_identifiable_ol,2009,2010,true,evaluable_complete_history_window,,115,115,115,115,113,113,0,0,20,20,0,14,6,28,20,0,9
2014,189,Bowling Green,true,roster_present_with_identifiable_ol,2009,2010,true,evaluable_complete_history_window,,103,103,103,103,101,101,0,0,18,18,0,12,6,25,18,0,3
2014,193,Miami (OH),true,roster_present_with_identifiable_ol,2009,2010,true,evaluable_complete_history_window,,116,116,116,116,114,112,0,0,17,17,0,12,5,27,17,0,2
2014,194,Ohio State,true,roster_present_with_identifiable_ol,2009,2010,true,evaluable_complete_history_window,,120,120,120,120,120,120,0,0,21,21,0,12,9,25,21,0,2
2014,195,Ohio,true,roster_present_with_identifiable_ol,2009,2010,true,evaluable_complete_history_window,,122,122,122,122,122,122,0,0,22,22,0,11,11,22,22,0,0
2014,197,Oklahoma State,true,roster_present_with_identifiable_ol,2009,2010,true,evaluable_complete_history_window,,120,120,120,120,120,120,0,0,17,17,0,12,5,21,17,0,1
2014,201,Oklahoma,true,roster_present_with_identifiable_ol,2009,2010,true,evaluable_complete_history_window,,120,120,120,120,120,120,0,0,21,21,0,15,6,33,21,0,0
2014,202,Tulsa,true,roster_present_with_identifiable_ol,2009,2010,true,evaluable_complete_history_window,,117,117,117,117,117,117,0,0,20,20,0,12,8,23,20,0,5
2014,204,Oregon State,true,roster_present_with_identifiable_ol,2009,2010,true,evaluable_complete_history_window,,118,118,118,118,118,116,0,0,24,24,0,14,10,24,24,0,0
2014,213,Penn State,true,roster_present_with_identifiable_ol,2009,2010,true,evaluable_complete_history_window,,131,131,131,131,131,131,0,0,20,20,0,13,7,22,20,0,0
2014,218,Temple,true,roster_present_with_identifiable_ol,2009,2010,true,evaluable_complete_history_window,,137,137,137,137,135,134,0,0,21,21,0,14,7,21,21,0,2
2014,221,Pittsburgh,true,roster_present_with_identifiable_ol,2009,2010,true,evaluable_complete_history_window,,106,106,106,106,105,105,0,0,18,18,0,11,7,22,18,0,1
2014,228,Clemson,true,roster_present_with_identifiable_ol,2009,2010,true,evaluable_complete_history_window,,121,121,121,121,121,121,0,0,22,22,0,14,8,36,22,0,0
2014,235,Memphis,true,roster_present_with_identifiable_ol,2009,2010,true,evaluable_complete_history_window,,105,105,105,105,104,104,0,0,20,20,0,13,7,22,20,0,2
2014,238,Vanderbilt,true,roster_present_with_identifiable_ol,2009,2010,true,evaluable_complete_history_window,,108,108,108,108,108,108,0,0,17,17,0,11,6,24,17,0,0
2014,239,Baylor,true,roster_present_with_identifiable_ol,2009,2010,true,evaluable_complete_history_window,,112,112,112,112,112,112,0,0,20,20,0,11,9,24,20,0,2
2014,242,Rice,true,roster_present_with_identifiable_ol,2009,2010,true,evaluable_complete_history_window,,109,109,109,109,108,108,0,0,16,16,0,12,4,29,16,0,3
2014,245,Texas A&M,true,roster_present_with_identifiable_ol,2009,2010,true,evaluable_complete_history_window,,118,118,118,118,118,118,0,0,19,19,0,11,8,27,19,0,4
2014,248,Houston,true,roster_present_with_identifiable_ol,2009,2010,true,evaluable_complete_history_window,,117,117,117,117,117,117,0,0,21,21,0,11,10,24,21,0,0
2014,249,North Texas,true,roster_present_with_identifiable_ol,2009,2010,true,evaluable_complete_history_window,,109,109,109,109,109,109,0,0,21,21,0,13,8,28,21,0,3
2014,251,Texas,true,roster_present_with_identifiable_ol,2009,2010,true,evaluable_complete_history_window,,127,127,127,127,127,127,0,0,20,20,0,13,7,25,20,0,3
2014,252,BYU,true,roster_present_with_identifiable_ol,2009,2010,true,evaluable_complete_history_window,,147,147,147,147,147,147,0,0,25,25,0,19,6,42,25,0,2
2014,254,Utah,true,roster_present_with_identifiable_ol,2009,2010,true,evaluable_complete_history_window,,133,133,133,133,133,123,0,0,20,20,0,14,6,28,20,0,0
2014,258,Virginia,true,roster_present_with_identifiable_ol,2009,2010,true,evaluable_complete_history_window,,115,115,115,115,112,112,0,0,18,18,0,15,3,31,18,0,17
2014,259,Virginia Tech,true,roster_present_with_identifiable_ol,2009,2010,true,evaluable_complete_history_window,,132,132,132,132,131,116,0,0,22,22,0,15,7,31,22,0,13
2014,264,Washington,true,roster_present_with_identifiable_ol,2009,2010,true,evaluable_complete_history_window,,105,105,105,105,105,105,0,0,21,21,0,16,5,41,21,0,7
2014,265,Washington State,true,roster_present_with_identifiable_ol,2009,2010,true,evaluable_complete_history_window,,111,111,111,111,111,111,0,0,16,16,0,11,5,18,16,0,0
2014,275,Wisconsin,true,roster_present_with_identifiable_ol,2009,2010,true,evaluable_complete_history_window,,113,113,113,113,113,113,0,0,19,19,0,13,6,30,19,0,1
2014,276,Marshall,true,roster_present_with_identifiable_ol,2009,2010,true,evaluable_complete_history_window,,110,110,110,110,110,110,0,0,21,21,0,12,9,26,21,0,0
2014,277,West Virginia,true,roster_present_with_identifiable_ol,2009,2010,true,evaluable_complete_history_window,,132,132,132,132,132,131,0,0,21,21,0,13,8,25,21,0,0
2014,278,Fresno State,true,roster_present_with_identifiable_ol,2009,2010,true,evaluable_complete_history_window,,107,107,107,107,107,107,0,0,18,18,0,9,9,19,18,0,4
2014,290,Georgia Southern,true,roster_present_with_identifiable_ol,2009,2010,true,evaluable_complete_history_window,,122,122,122,122,121,112,0,0,19,19,0,1,18,1,19,0,2
2014,295,Old Dominion,true,roster_present_with_identifiable_ol,2009,2010,true,evaluable_complete_history_window,,105,105,105,105,105,105,0,0,18,18,0,1,17,1,18,0,0
2014,309,Louisiana,true,roster_present_with_identifiable_ol,2009,2010,true,evaluable_complete_history_window,,118,118,118,118,118,117,0,0,20,20,0,11,9,24,20,0,2
2014,326,Texas State,true,roster_present_with_identifiable_ol,2009,2010,true,evaluable_complete_history_window,,109,109,109,109,108,107,0,0,20,20,0,12,8,20,20,0,1
2014,328,Utah State,true,roster_present_with_identifiable_ol,2009,2010,true,evaluable_complete_history_window,,117,117,117,117,116,116,0,0,19,19,0,11,8,21,19,0,8
2014,333,Alabama,true,roster_present_with_identifiable_ol,2009,2010,true,evaluable_complete_history_window,,125,125,125,125,125,124,0,0,19,19,0,12,7,22,19,0,0
2014,344,Mississippi State,true,roster_present_with_identifiable_ol,2009,2010,true,evaluable_complete_history_window,,108,108,108,108,108,108,0,0,17,17,0,13,4,35,17,0,10
2014,349,Army,true,roster_present_with_identifiable_ol,2009,2010,true,evaluable_complete_history_window,,159,159,159,159,158,158,0,0,26,26,0,14,12,25,26,0,2
2014,356,Illinois,true,roster_present_with_identifiable_ol,2009,2010,true,evaluable_complete_history_window,,117,117,117,117,117,117,0,0,18,18,0,14,4,36,18,0,0
2014,2005,Air Force,true,roster_present_with_identifiable_ol,2009,2010,true,evaluable_complete_history_window,,98,98,98,98,98,96,0,0,14,14,0,8,6,11,14,0,16
2014,2006,Akron,true,roster_present_with_identifiable_ol,2009,2010,true,evaluable_complete_history_window,,116,116,116,116,115,115,0,0,17,17,0,13,4,24,17,0,1
2014,2026,App State,true,roster_present_with_identifiable_ol,2009,2010,true,evaluable_complete_history_window,,110,110,110,110,109,109,0,0,16,16,0,0,16,0,16,0,2
2014,2032,Arkansas State,true,roster_present_with_identifiable_ol,2009,2010,true,evaluable_complete_history_window,,115,115,115,115,115,115,0,0,18,18,0,12,6,25,18,0,3
2014,2050,Ball State,true,roster_present_with_identifiable_ol,2009,2010,true,evaluable_complete_history_window,,115,115,115,115,114,114,0,0,21,21,0,16,5,31,21,0,2
2014,2084,Buffalo,true,roster_present_with_identifiable_ol,2009,2010,true,evaluable_complete_history_window,,108,108,108,108,108,108,0,0,22,22,0,14,8,33,22,0,0
2014,2116,UCF,true,roster_present_with_identifiable_ol,2009,2010,true,evaluable_complete_history_window,,110,110,110,110,110,110,0,0,16,16,0,12,4,22,16,0,7
2014,2117,Central Michigan,true,roster_present_with_identifiable_ol,2009,2010,true,evaluable_complete_history_window,,107,107,107,107,107,107,0,0,20,20,0,17,3,33,20,0,0
2014,2132,Cincinnati,true,roster_present_with_identifiable_ol,2009,2010,true,evaluable_complete_history_window,,108,108,108,108,107,107,0,0,21,21,0,15,6,34,21,0,1
2014,2199,Eastern Michigan,true,roster_present_with_identifiable_ol,2009,2010,true,evaluable_complete_history_window,,102,102,102,102,102,102,0,0,19,19,0,12,7,23,19,0,0
2014,2226,Florida Atlantic,true,roster_present_with_identifiable_ol,2009,2010,true,evaluable_complete_history_window,,120,120,120,120,118,115,0,0,21,21,0,14,7,27,21,0,2
2014,2229,Florida International,true,roster_present_with_identifiable_ol,2009,2010,true,evaluable_complete_history_window,,101,101,101,101,101,101,0,0,20,20,0,15,5,28,20,0,0
2014,2247,Georgia State,true,roster_present_with_identifiable_ol,2009,2010,true,evaluable_complete_history_window,,112,112,112,112,112,111,0,0,18,18,0,10,8,10,18,0,2
2014,2294,Iowa,true,roster_present_with_identifiable_ol,2009,2010,true,evaluable_complete_history_window,,122,122,122,122,122,121,0,0,20,20,0,15,5,32,20,0,1
2014,2305,Kansas,true,roster_present_with_identifiable_ol,2009,2010,true,evaluable_complete_history_window,,102,102,102,102,101,100,0,0,13,13,0,8,5,16,13,0,2
2014,2306,Kansas State,true,roster_present_with_identifiable_ol,2009,2010,true,evaluable_complete_history_window,,125,125,125,125,125,125,0,0,20,20,0,11,9,23,20,0,0
2014,2309,Kent State,true,roster_present_with_identifiable_ol,2009,2010,true,evaluable_complete_history_window,,99,99,99,99,99,99,0,0,14,14,0,9,5,20,14,0,0
2014,2348,Louisiana Tech,true,roster_present_with_identifiable_ol,2009,2010,true,evaluable_complete_history_window,,107,107,107,107,107,106,0,0,19,19,0,11,8,16,19,0,2
2014,2390,Miami,true,roster_present_with_identifiable_ol,2009,2010,true,evaluable_complete_history_window,,122,122,122,122,119,119,0,0,20,20,0,10,10,22,20,0,3
2014,2393,Middle Tennessee,true,roster_present_with_identifiable_ol,2009,2010,true,evaluable_complete_history_window,,114,114,114,114,113,107,0,0,17,17,0,11,6,21,17,0,5
2014,2426,Navy,true,roster_present_with_identifiable_ol,2009,2010,true,evaluable_complete_history_window,,163,163,163,163,163,163,0,0,31,31,0,20,11,37,31,0,23
2014,2433,UL Monroe,true,roster_present_with_identifiable_ol,2009,2010,true,evaluable_complete_history_window,,93,93,93,93,93,91,0,0,15,15,0,12,3,26,15,0,0
2014,2439,UNLV,true,roster_present_with_identifiable_ol,2009,2010,true,evaluable_complete_history_window,,105,105,105,105,105,98,0,0,17,17,0,15,2,30,17,0,0
2014,2440,Nevada,true,roster_present_with_identifiable_ol,2009,2010,true,evaluable_complete_history_window,,114,114,114,114,113,113,0,0,23,23,0,13,10,25,23,0,1
2014,2459,Northern Illinois,true,roster_present_with_identifiable_ol,2009,2010,true,evaluable_complete_history_window,,117,117,117,117,117,117,0,0,19,19,0,14,5,38,19,0,7
2014,2483,Oregon,true,roster_present_with_identifiable_ol,2009,2010,true,evaluable_complete_history_window,,120,120,120,120,120,120,0,0,20,20,0,13,7,29,20,0,0
2014,2509,Purdue,true,roster_present_with_identifiable_ol,2009,2010,true,evaluable_complete_history_window,,114,114,114,114,113,113,0,0,20,20,0,10,10,20,20,0,1
2014,2567,SMU,true,roster_present_with_identifiable_ol,2009,2010,true,evaluable_complete_history_window,,109,109,109,109,109,108,0,0,17,17,0,9,8,20,17,0,0
2014,2572,Southern Miss,true,roster_present_with_identifiable_ol,2009,2010,true,evaluable_complete_history_window,,115,115,115,115,115,115,0,0,16,16,0,11,5,21,16,0,2
2014,2579,South Carolina,true,roster_present_with_identifiable_ol,2009,2010,true,evaluable_complete_history_window,,109,109,109,109,109,109,0,0,15,15,0,12,3,28,15,0,8
2014,2628,TCU,true,roster_present_with_identifiable_ol,2009,2010,true,evaluable_complete_history_window,,122,122,122,122,121,119,0,0,22,22,0,15,7,27,22,0,4
2014,2633,Tennessee,true,roster_present_with_identifiable_ol,2009,2010,true,evaluable_complete_history_window,,121,121,121,121,121,121,0,0,15,15,0,9,6,18,15,0,2
2014,2636,UTSA,true,roster_present_with_identifiable_ol,2009,2010,true,evaluable_complete_history_window,,117,117,117,117,116,116,0,0,18,18,0,15,3,27,18,0,4
2014,2638,UTEP,true,roster_present_with_identifiable_ol,2009,2010,true,evaluable_complete_history_window,,115,115,115,115,114,114,0,0,18,18,0,12,6,23,18,0,1
2014,2641,Texas Tech,true,roster_present_with_identifiable_ol,2009,2010,true,evaluable_complete_history_window,,114,114,114,114,114,113,0,0,15,15,0,9,6,20,15,0,2
2014,2649,Toledo,true,roster_present_with_identifiable_ol,2009,2010,true,evaluable_complete_history_window,,111,111,111,111,111,111,0,0,18,18,0,14,4,34,18,0,0
2014,2653,Troy,true,roster_present_with_identifiable_ol,2009,2010,true,evaluable_complete_history_window,,117,117,117,117,117,117,0,0,17,17,0,14,3,28,17,0,1
2014,2655,Tulane,true,roster_present_with_identifiable_ol,2009,2010,true,evaluable_complete_history_window,,116,116,116,116,115,115,0,0,18,18,0,14,4,27,18,0,4
2014,2711,Western Michigan,true,roster_present_with_identifiable_ol,2009,2010,true,evaluable_complete_history_window,,111,111,111,111,111,111,0,0,18,18,0,11,7,23,18,0,4
2014,2751,Wyoming,true,roster_present_with_identifiable_ol,2009,2010,true,evaluable_complete_history_window,,113,113,113,113,112,112,0,0,22,22,0,15,7,27,22,0,8
2015,2,Auburn,true,roster_present_with_identifiable_ol,2009,2010,true,evaluable_complete_history_window,,125,125,125,125,123,123,0,0,18,18,0,11,7,25,18,0,4
2015,6,South Alabama,true,roster_present_with_identifiable_ol,2009,2010,true,evaluable_complete_history_window,,117,117,117,117,117,116,0,0,16,16,0,9,7,22,16,0,1
2015,8,Arkansas,true,roster_present_with_identifiable_ol,2009,2010,true,evaluable_complete_history_window,,127,127,127,127,126,125,0,0,20,20,0,15,5,29,20,0,1
2015,9,Arizona State,true,roster_present_with_identifiable_ol,2009,2010,true,evaluable_complete_history_window,,124,124,124,124,123,122,0,0,12,12,0,11,1,26,12,0,1
2015,12,Arizona,true,roster_present_with_identifiable_ol,2009,2010,true,evaluable_complete_history_window,,125,125,125,125,124,123,0,0,18,18,0,11,7,20,18,0,3
2015,21,San Diego State,true,roster_present_with_identifiable_ol,2009,2010,true,evaluable_complete_history_window,,120,120,120,120,118,118,0,0,20,20,0,11,9,27,20,0,2
2015,23,San José State,true,roster_present_with_identifiable_ol,2009,2010,true,evaluable_complete_history_window,,95,95,95,95,95,95,0,0,15,15,0,13,2,29,15,0,0
2015,24,Stanford,true,roster_present_with_identifiable_ol,2009,2010,true,evaluable_complete_history_window,,98,98,98,98,98,97,0,0,18,18,0,13,5,26,18,0,9
2015,25,California,true,roster_present_with_identifiable_ol,2009,2010,true,evaluable_complete_history_window,,141,141,141,141,139,139,0,0,18,18,0,14,4,26,18,0,4
2015,26,UCLA,true,roster_present_with_identifiable_ol,2009,2010,true,evaluable_complete_history_window,,132,132,132,132,131,131,0,0,23,23,0,14,9,27,23,0,1
2015,30,USC,true,roster_present_with_identifiable_ol,2009,2010,true,evaluable_complete_history_window,,121,121,121,121,121,119,0,0,19,19,0,13,6,27,19,0,7
2015,36,Colorado State,true,roster_present_with_identifiable_ol,2009,2010,true,evaluable_complete_history_window,,126,126,126,126,126,125,0,0,20,20,0,14,6,29,20,0,0
2015,38,Colorado,true,roster_present_with_identifiable_ol,2009,2010,true,evaluable_complete_history_window,,122,122,122,122,122,121,0,0,18,18,0,14,4,28,18,0,7
2015,41,UConn,true,roster_present_with_identifiable_ol,2009,2010,true,evaluable_complete_history_window,,112,112,112,112,112,112,0,0,17,17,0,13,4,29,17,0,0
2015,52,Florida State,true,roster_present_with_identifiable_ol,2009,2010,true,evaluable_complete_history_window,,121,121,121,121,121,120,0,0,20,20,0,10,10,13,20,0,0
2015,57,Florida,true,roster_present_with_identifiable_ol,2009,2010,true,evaluable_complete_history_window,,121,121,121,121,121,120,0,0,19,19,0,9,10,14,19,0,2
2015,58,South Florida,true,roster_present_with_identifiable_ol,2009,2010,true,evaluable_complete_history_window,,112,112,112,112,112,112,0,0,17,17,0,11,6,25,17,0,0
2015,59,Georgia Tech,true,roster_present_with_identifiable_ol,2009,2010,true,evaluable_complete_history_window,,121,121,121,121,119,119,0,0,23,23,0,17,6,38,23,0,16
2015,61,Georgia,true,roster_present_with_identifiable_ol,2009,2010,true,evaluable_complete_history_window,,131,131,131,131,131,131,0,0,21,21,0,15,6,31,21,0,20
2015,62,Hawai'i,true,roster_present_with_identifiable_ol,2009,2010,true,evaluable_complete_history_window,,116,116,116,116,116,116,0,0,15,15,0,8,7,17,15,0,0
2015,66,Iowa State,true,roster_present_with_identifiable_ol,2009,2010,true,evaluable_complete_history_window,,132,132,132,132,132,131,0,0,23,23,0,18,5,40,23,0,3
2015,68,Boise State,true,roster_present_with_identifiable_ol,2009,2010,true,evaluable_complete_history_window,,109,109,109,109,109,109,0,0,16,16,0,14,2,32,16,0,14
2015,70,Idaho,true,roster_present_no_identifiable_ol,2009,2010,true,evaluable_complete_history_window,,31,31,31,31,25,12,0,0,0,0,0,0,0,0,0,0,7
2015,77,Northwestern,true,roster_present_with_identifiable_ol,2009,2010,true,evaluable_complete_history_window,,104,104,104,104,103,103,0,0,16,16,0,14,2,38,16,0,11
2015,84,Indiana,true,roster_present_with_identifiable_ol,2009,2010,true,evaluable_complete_history_window,,128,128,128,128,127,127,0,0,18,18,0,13,5,30,18,0,1
2015,87,Notre Dame,true,roster_present_with_identifiable_ol,2009,2010,true,evaluable_complete_history_window,,118,118,118,118,117,117,0,0,14,14,0,12,2,23,14,0,3
2015,96,Kentucky,true,roster_present_with_identifiable_ol,2009,2010,true,evaluable_complete_history_window,,103,103,103,103,103,100,0,0,16,16,0,13,3,25,16,0,1
2015,97,Louisville,true,roster_present_with_identifiable_ol,2009,2010,true,evaluable_complete_history_window,,121,121,121,121,120,120,0,0,19,19,0,9,10,20,19,0,2
2015,98,Western Kentucky,true,roster_present_with_identifiable_ol,2009,2010,true,evaluable_complete_history_window,,113,113,113,113,112,112,0,0,16,16,0,9,7,16,16,0,1
2015,99,LSU,true,roster_present_with_identifiable_ol,2009,2010,true,evaluable_complete_history_window,,127,127,127,127,127,127,0,0,22,22,0,12,10,23,22,0,0
2015,103,Boston College,true,roster_present_with_identifiable_ol,2009,2010,true,evaluable_complete_history_window,,95,95,95,95,94,94,0,0,13,13,0,9,4,21,13,0,1
2015,113,Massachusetts,true,roster_present_with_identifiable_ol,2009,2010,true,evaluable_complete_history_window,,126,126,126,126,126,123,0,0,19,19,0,16,3,26,19,0,0
2015,120,Maryland,true,roster_present_with_identifiable_ol,2009,2010,true,evaluable_complete_history_window,,107,107,107,107,105,105,0,0,17,17,0,12,5,31,17,0,2
2015,127,Michigan State,true,roster_present_with_identifiable_ol,2009,2010,true,evaluable_complete_history_window,,110,110,110,110,110,109,0,0,16,16,0,14,2,30,16,0,0
2015,130,Michigan,true,roster_present_with_identifiable_ol,2009,2010,true,evaluable_complete_history_window,,133,133,133,133,131,131,0,0,17,17,0,13,4,29,17,0,3
2015,135,Minnesota,true,roster_present_with_identifiable_ol,2009,2010,true,evaluable_complete_history_window,,120,120,120,120,119,117,0,0,22,22,0,16,6,38,22,0,2
2015,142,Missouri,true,roster_present_with_identifiable_ol,2009,2010,true,evaluable_complete_history_window,,134,134,134,134,134,134,0,0,25,25,0,16,9,37,25,0,9
2015,145,Ole Miss,true,roster_present_with_identifiable_ol,2009,2010,true,evaluable_complete_history_window,,125,125,125,125,125,125,0,0,18,18,0,14,4,28,18,0,0
2015,150,Duke,true,roster_present_with_identifiable_ol,2009,2010,true,evaluable_complete_history_window,,109,109,109,109,109,109,0,0,17,17,0,15,2,33,17,0,0
2015,151,East Carolina,true,roster_present_with_identifiable_ol,2009,2010,true,evaluable_complete_history_window,,136,136,136,136,136,127,0,0,19,19,0,15,4,29,19,0,3
2015,152,NC State,true,roster_present_with_identifiable_ol,2009,2010,true,evaluable_complete_history_window,,118,118,118,118,117,117,0,0,18,18,0,13,5,22,18,0,2
2015,153,North Carolina,true,roster_present_with_identifiable_ol,2009,2010,true,evaluable_complete_history_window,,115,115,115,115,115,114,0,0,18,18,0,15,3,31,18,0,9
2015,154,Wake Forest,true,roster_present_with_identifiable_ol,2009,2010,true,evaluable_complete_history_window,,97,97,97,97,97,97,0,0,14,14,0,11,3,22,14,0,2
2015,158,Nebraska,true,roster_present_with_identifiable_ol,2009,2010,true,evaluable_complete_history_window,,130,130,130,130,130,130,0,0,23,23,0,19,4,42,23,0,0
2015,164,Rutgers,true,roster_present_with_identifiable_ol,2009,2010,true,evaluable_complete_history_window,,119,119,119,119,119,116,0,0,16,16,0,12,4,23,16,0,0
2015,166,New Mexico State,true,roster_present_with_identifiable_ol,2009,2010,true,evaluable_complete_history_window,,104,104,104,104,104,101,0,0,15,15,0,12,3,28,15,0,1
2015,167,New Mexico,true,roster_present_with_identifiable_ol,2009,2010,true,evaluable_complete_history_window,,118,118,118,118,118,118,0,0,16,16,0,10,6,25,16,0,1
2015,183,Syracuse,true,roster_present_with_identifiable_ol,2009,2010,true,evaluable_complete_history_window,,100,100,100,100,99,99,0,0,19,19,0,17,2,37,19,0,3
2015,189,Bowling Green,true,roster_present_with_identifiable_ol,2009,2010,true,evaluable_complete_history_window,,109,109,109,109,107,107,0,0,17,17,0,15,2,36,17,0,3
2015,193,Miami (OH),true,roster_present_with_identifiable_ol,2009,2010,true,evaluable_complete_history_window,,105,105,105,105,105,105,0,0,16,16,0,12,4,24,16,0,0
2015,194,Ohio State,true,roster_present_with_identifiable_ol,2009,2010,true,evaluable_complete_history_window,,117,117,117,117,117,117,0,0,20,20,0,15,5,31,20,0,2
2015,195,Ohio,true,roster_present_with_identifiable_ol,2009,2010,true,evaluable_complete_history_window,,117,117,117,117,117,117,0,0,20,20,0,17,3,34,20,0,0
2015,197,Oklahoma State,true,roster_present_with_identifiable_ol,2009,2010,true,evaluable_complete_history_window,,128,128,128,128,128,128,0,0,16,16,0,11,5,20,16,0,0
2015,201,Oklahoma,true,roster_present_with_identifiable_ol,2009,2010,true,evaluable_complete_history_window,,123,123,123,123,123,123,0,0,24,24,0,14,10,29,24,0,0
2015,202,Tulsa,true,roster_present_with_identifiable_ol,2009,2010,true,evaluable_complete_history_window,,112,112,112,112,112,112,0,0,18,18,0,13,5,27,18,0,3
2015,204,Oregon State,true,roster_present_with_identifiable_ol,2009,2010,true,evaluable_complete_history_window,,119,119,119,119,118,115,0,0,24,24,0,18,6,30,24,0,1
2015,213,Penn State,true,roster_present_with_identifiable_ol,2009,2010,true,evaluable_complete_history_window,,126,126,126,126,126,125,0,0,21,21,0,14,7,28,21,0,0
2015,218,Temple,true,roster_present_with_identifiable_ol,2009,2010,true,evaluable_complete_history_window,,135,135,135,135,134,132,0,0,21,21,0,19,2,36,21,0,2
2015,221,Pittsburgh,true,roster_present_with_identifiable_ol,2009,2010,true,evaluable_complete_history_window,,108,108,108,108,107,107,0,0,19,19,0,15,4,29,19,0,1
2015,228,Clemson,true,roster_present_with_identifiable_ol,2009,2010,true,evaluable_complete_history_window,,118,118,118,118,118,118,0,0,21,21,0,13,8,30,21,0,0
2015,235,Memphis,true,roster_present_with_identifiable_ol,2009,2010,true,evaluable_complete_history_window,,113,113,113,113,113,111,0,0,20,20,0,13,7,27,20,0,1
2015,238,Vanderbilt,true,roster_present_with_identifiable_ol,2009,2010,true,evaluable_complete_history_window,,98,98,98,98,98,98,0,0,16,16,0,13,3,28,16,0,0
2015,239,Baylor,true,roster_present_with_identifiable_ol,2009,2010,true,evaluable_complete_history_window,,112,112,112,112,111,111,0,0,21,21,0,16,5,30,21,0,3
2015,242,Rice,true,roster_present_with_identifiable_ol,2009,2010,true,evaluable_complete_history_window,,115,115,115,115,114,114,0,0,16,16,0,12,4,29,16,0,3
2015,245,Texas A&M,true,roster_present_with_identifiable_ol,2009,2010,true,evaluable_complete_history_window,,121,121,121,121,121,121,0,0,20,20,0,12,8,21,20,0,2
2015,248,Houston,true,roster_present_with_identifiable_ol,2009,2010,true,evaluable_complete_history_window,,118,118,118,118,118,118,0,0,18,18,0,13,5,23,18,0,0
2015,249,North Texas,true,roster_present_with_identifiable_ol,2009,2010,true,evaluable_complete_history_window,,123,123,123,123,123,123,0,0,22,22,0,13,9,26,22,0,5
2015,251,Texas,true,roster_present_with_identifiable_ol,2009,2010,true,evaluable_complete_history_window,,122,122,122,122,122,121,0,0,20,20,0,13,7,26,20,0,2
2015,252,BYU,true,roster_present_with_identifiable_ol,2009,2010,true,evaluable_complete_history_window,,145,145,145,145,145,145,0,0,22,22,0,15,7,35,22,0,2
2015,254,Utah,true,roster_present_with_identifiable_ol,2009,2010,true,evaluable_complete_history_window,,134,134,134,134,133,126,0,0,20,20,0,13,7,29,20,0,1
2015,258,Virginia,true,roster_present_with_identifiable_ol,2009,2010,true,evaluable_complete_history_window,,107,107,107,107,107,106,0,0,20,20,0,14,6,36,20,0,11
2015,259,Virginia Tech,true,roster_present_with_identifiable_ol,2009,2010,true,evaluable_complete_history_window,,125,125,125,125,125,123,0,0,20,20,0,15,5,28,20,0,8
2015,264,Washington,true,roster_present_with_identifiable_ol,2009,2010,true,evaluable_complete_history_window,,105,105,105,105,105,105,0,0,15,15,0,14,1,32,15,0,7
2015,265,Washington State,true,roster_present_with_identifiable_ol,2009,2010,true,evaluable_complete_history_window,,127,127,127,127,127,126,0,0,23,23,0,13,10,31,23,0,0
2015,275,Wisconsin,true,roster_present_with_identifiable_ol,2009,2010,true,evaluable_complete_history_window,,109,109,109,109,109,109,0,0,19,19,0,14,5,30,19,0,0
2015,276,Marshall,true,roster_present_with_identifiable_ol,2009,2010,true,evaluable_complete_history_window,,116,116,116,116,116,116,0,0,16,16,0,14,2,26,16,0,0
2015,277,West Virginia,true,roster_present_with_identifiable_ol,2009,2010,true,evaluable_complete_history_window,,132,132,132,132,132,131,0,0,20,20,0,13,7,26,20,0,0
2015,278,Fresno State,true,roster_present_with_identifiable_ol,2009,2010,true,evaluable_complete_history_window,,115,115,115,115,114,114,0,0,17,17,0,11,6,21,17,0,3
2015,290,Georgia Southern,true,roster_present_with_identifiable_ol,2009,2010,true,evaluable_complete_history_window,,136,136,136,136,134,134,0,0,22,22,0,11,11,12,22,0,3
2015,295,Old Dominion,true,roster_present_with_identifiable_ol,2009,2010,true,evaluable_complete_history_window,,111,111,111,111,111,111,0,0,17,17,0,14,3,15,17,0,0
2015,309,Louisiana,true,roster_present_with_identifiable_ol,2009,2010,true,evaluable_complete_history_window,,120,120,120,120,120,119,0,0,14,14,0,12,2,24,14,0,4
2015,326,Texas State,true,roster_present_with_identifiable_ol,2009,2010,true,evaluable_complete_history_window,,123,123,123,123,123,123,0,0,21,21,0,15,6,28,21,0,0
2015,328,Utah State,true,roster_present_with_identifiable_ol,2009,2010,true,evaluable_complete_history_window,,123,123,123,123,123,120,0,0,21,21,0,13,8,25,21,0,7
2015,333,Alabama,true,roster_present_with_identifiable_ol,2009,2010,true,evaluable_complete_history_window,,123,123,123,123,123,122,0,0,18,18,0,13,5,24,18,0,0
2015,344,Mississippi State,true,roster_present_with_identifiable_ol,2009,2010,true,evaluable_complete_history_window,,115,115,115,115,115,115,0,0,14,14,0,12,2,30,14,0,24
2015,349,Army,true,roster_present_with_identifiable_ol,2009,2010,true,evaluable_complete_history_window,,155,155,155,155,155,155,0,0,28,28,0,15,13,28,28,0,0
2015,356,Illinois,true,roster_present_with_identifiable_ol,2009,2010,true,evaluable_complete_history_window,,118,118,118,118,118,118,0,0,21,21,0,9,12,26,21,0,0
2015,2005,Air Force,true,roster_present_with_identifiable_ol,2009,2010,true,evaluable_complete_history_window,,123,123,123,123,123,123,0,0,18,18,0,8,10,10,18,0,15
2015,2006,Akron,true,roster_present_with_identifiable_ol,2009,2010,true,evaluable_complete_history_window,,116,116,116,116,116,115,0,0,16,16,0,11,5,27,16,0,0
2015,2026,App State,true,roster_present_with_identifiable_ol,2009,2010,true,evaluable_complete_history_window,,105,105,105,105,104,104,0,0,16,16,0,10,6,10,16,0,2
2015,2032,Arkansas State,true,roster_present_with_identifiable_ol,2009,2010,true,evaluable_complete_history_window,,117,117,117,117,117,117,0,0,18,18,0,11,7,24,18,0,3
2015,2050,Ball State,true,roster_present_with_identifiable_ol,2009,2010,true,evaluable_complete_history_window,,108,108,108,108,107,106,0,0,21,21,0,16,5,34,21,0,1
2015,2084,Buffalo,true,roster_present_with_identifiable_ol,2009,2010,true,evaluable_complete_history_window,,121,121,121,121,121,121,0,0,19,19,0,16,3,34,19,0,0
2015,2116,UCF,true,roster_present_with_identifiable_ol,2009,2010,true,evaluable_complete_history_window,,117,117,117,117,117,115,0,0,17,17,0,14,3,32,17,0,6
2015,2117,Central Michigan,true,roster_present_with_identifiable_ol,2009,2010,true,evaluable_complete_history_window,,105,105,105,105,105,105,0,0,20,20,0,18,2,43,20,0,0
2015,2132,Cincinnati,true,roster_present_with_identifiable_ol,2009,2010,true,evaluable_complete_history_window,,100,100,100,100,100,100,0,0,19,19,0,14,5,31,19,0,1
2015,2199,Eastern Michigan,true,roster_present_with_identifiable_ol,2009,2010,true,evaluable_complete_history_window,,109,109,109,109,109,108,0,0,16,16,0,9,7,19,16,0,0
2015,2226,Florida Atlantic,true,roster_present_with_identifiable_ol,2009,2010,true,evaluable_complete_history_window,,127,127,127,127,125,125,0,0,20,20,0,14,6,26,20,0,2
2015,2229,Florida International,true,roster_present_with_identifiable_ol,2009,2010,true,evaluable_complete_history_window,,102,102,102,102,102,102,0,0,18,18,0,13,5,26,18,0,0
2015,2247,Georgia State,true,roster_present_with_identifiable_ol,2009,2010,true,evaluable_complete_history_window,,118,118,118,118,118,117,0,0,17,17,0,12,5,18,17,0,4
2015,2294,Iowa,true,roster_present_with_identifiable_ol,2009,2010,true,evaluable_complete_history_window,,115,115,115,115,115,113,0,0,17,17,0,14,3,31,17,0,1
2015,2305,Kansas,true,roster_present_with_identifiable_ol,2009,2010,true,evaluable_complete_history_window,,131,131,131,131,131,131,0,0,18,18,0,6,12,10,18,0,1
2015,2306,Kansas State,true,roster_present_with_identifiable_ol,2009,2010,true,evaluable_complete_history_window,,119,119,119,119,119,119,0,0,17,17,0,15,2,30,17,0,0
2015,2309,Kent State,true,roster_present_with_identifiable_ol,2009,2010,true,evaluable_complete_history_window,,100,100,100,100,100,100,0,0,16,16,0,11,5,23,16,0,0
2015,2348,Louisiana Tech,true,roster_present_with_identifiable_ol,2009,2010,true,evaluable_complete_history_window,,113,113,113,113,113,113,0,0,17,17,0,13,4,24,17,0,1
2015,2390,Miami,true,roster_present_with_identifiable_ol,2009,2010,true,evaluable_complete_history_window,,122,122,122,122,122,121,0,0,21,21,0,15,6,23,21,0,0
2015,2393,Middle Tennessee,true,roster_present_with_identifiable_ol,2009,2010,true,evaluable_complete_history_window,,115,115,115,115,115,110,0,0,18,18,0,13,5,26,18,0,1
2015,2426,Navy,true,roster_present_with_identifiable_ol,2009,2010,true,evaluable_complete_history_window,,188,188,188,188,188,188,0,0,37,37,0,22,15,40,37,0,21
2015,2429,Charlotte,true,roster_present_with_identifiable_ol,2009,2010,true,evaluable_complete_history_window,,112,112,112,112,110,109,0,0,17,17,0,1,16,1,17,0,9
2015,2433,UL Monroe,true,roster_present_with_identifiable_ol,2009,2010,true,evaluable_complete_history_window,,96,96,96,96,96,94,0,0,15,15,0,9,6,19,15,0,0
2015,2439,UNLV,true,roster_present_with_identifiable_ol,2009,2010,true,evaluable_complete_history_window,,101,101,101,101,101,95,0,0,17,17,0,10,7,24,17,0,0
2015,2440,Nevada,true,roster_present_with_identifiable_ol,2009,2010,true,evaluable_complete_history_window,,119,119,119,119,118,117,0,0,21,21,0,13,8,24,21,0,1
2015,2459,Northern Illinois,true,roster_present_with_identifiable_ol,2009,2010,true,evaluable_complete_history_window,,119,119,119,119,119,119,0,0,15,15,0,11,4,25,15,0,9
2015,2483,Oregon,true,roster_present_with_identifiable_ol,2009,2010,true,evaluable_complete_history_window,,112,112,112,112,112,112,0,0,15,15,0,11,4,21,15,0,0
2015,2509,Purdue,true,roster_present_with_identifiable_ol,2009,2010,true,evaluable_complete_history_window,,112,112,112,112,110,110,0,0,18,18,0,16,2,31,18,0,2
2015,2567,SMU,true,roster_present_with_identifiable_ol,2009,2010,true,evaluable_complete_history_window,,118,118,118,118,118,117,0,0,18,18,0,15,3,30,18,0,0
2015,2572,Southern Miss,true,roster_present_with_identifiable_ol,2009,2010,true,evaluable_complete_history_window,,121,121,121,121,121,121,0,0,19,19,0,13,6,29,19,0,4
2015,2579,South Carolina,true,roster_present_with_identifiable_ol,2009,2010,true,evaluable_complete_history_window,,111,111,111,111,110,110,0,0,15,15,0,10,5,29,15,0,7
2015,2628,TCU,true,roster_present_with_identifiable_ol,2009,2010,true,evaluable_complete_history_window,,127,127,127,127,127,126,0,0,20,20,0,18,2,39,20,0,2
2015,2633,Tennessee,true,roster_present_with_identifiable_ol,2009,2010,true,evaluable_complete_history_window,,122,122,122,122,122,121,0,0,22,22,0,12,10,24,22,0,2
2015,2636,UTSA,true,roster_present_with_identifiable_ol,2009,2010,true,evaluable_complete_history_window,,116,116,116,116,116,116,0,0,19,19,0,10,9,24,19,0,1
2015,2638,UTEP,true,roster_present_with_identifiable_ol,2009,2010,true,evaluable_complete_history_window,,113,113,113,113,113,113,0,0,16,16,0,14,2,26,16,0,0
2015,2641,Texas Tech,true,roster_present_with_identifiable_ol,2009,2010,true,evaluable_complete_history_window,,124,124,124,124,124,123,0,0,21,21,0,9,12,22,21,0,2
2015,2649,Toledo,true,roster_present_with_identifiable_ol,2009,2010,true,evaluable_complete_history_window,,107,107,107,107,107,107,0,0,15,15,0,10,5,20,15,0,0
2015,2653,Troy,true,roster_present_with_identifiable_ol,2009,2010,true,evaluable_complete_history_window,,115,115,115,115,115,106,0,0,18,18,0,10,8,24,18,0,1
2015,2655,Tulane,true,roster_present_with_identifiable_ol,2009,2010,true,evaluable_complete_history_window,,110,110,110,110,109,109,0,0,19,19,0,12,7,25,19,0,3
2015,2711,Western Michigan,true,roster_present_with_identifiable_ol,2009,2010,true,evaluable_complete_history_window,,102,102,102,102,102,102,0,0,15,15,0,12,3,25,15,0,1
2015,2751,Wyoming,true,roster_present_with_identifiable_ol,2009,2010,true,evaluable_complete_history_window,,115,115,115,115,115,115,0,0,20,20,0,14,6,25,20,0,8
2016,2,Auburn,true,roster_present_with_identifiable_ol,2009,2010,true,evaluable_complete_history_window,,121,121,121,121,120,120,0,0,16,16,0,12,4,23,16,0,3
2016,6,South Alabama,true,roster_present_with_identifiable_ol,2009,2010,true,evaluable_complete_history_window,,122,122,122,122,121,121,0,0,20,20,0,9,11,18,20,0,2
2016,8,Arkansas,true,roster_present_with_identifiable_ol,2009,2010,true,evaluable_complete_history_window,,131,131,131,131,128,127,0,0,19,19,0,11,8,20,19,0,3
2016,9,Arizona State,true,roster_present_with_identifiable_ol,2009,2010,true,evaluable_complete_history_window,,125,125,125,125,124,121,0,0,19,19,0,7,12,18,19,0,1
2016,12,Arizona,true,roster_present_with_identifiable_ol,2009,2010,true,evaluable_complete_history_window,,118,118,118,118,118,118,0,0,14,14,0,9,5,19,14,0,1
2016,21,San Diego State,true,roster_present_with_identifiable_ol,2009,2010,true,evaluable_complete_history_window,,119,119,119,119,118,118,0,0,19,19,0,11,8,26,19,0,1
2016,23,San José State,true,roster_present_with_identifiable_ol,2009,2010,true,evaluable_complete_history_window,,104,104,104,104,103,103,0,0,15,15,0,11,4,28,15,0,2
2016,24,Stanford,true,roster_present_with_identifiable_ol,2009,2010,true,evaluable_complete_history_window,,104,104,104,104,104,103,0,0,18,18,0,13,5,25,18,0,8
2016,25,California,true,roster_present_with_identifiable_ol,2009,2010,true,evaluable_complete_history_window,,122,122,122,122,121,121,0,0,16,16,0,12,4,26,16,0,3
2016,26,UCLA,true,roster_present_with_identifiable_ol,2009,2010,true,evaluable_complete_history_window,,113,113,113,113,113,113,0,0,19,19,0,14,5,27,19,0,0
2016,30,USC,true,roster_present_with_identifiable_ol,2009,2010,true,evaluable_complete_history_window,,105,105,105,105,105,103,0,0,20,20,0,17,3,37,20,0,5
2016,36,Colorado State,true,roster_present_with_identifiable_ol,2009,2010,true,evaluable_complete_history_window,,117,117,117,117,117,115,0,0,16,16,0,12,4,31,16,0,0
2016,38,Colorado,true,roster_present_with_identifiable_ol,2009,2010,true,evaluable_complete_history_window,,122,122,122,122,121,120,0,0,20,20,0,14,6,32,20,0,10
2016,41,UConn,true,roster_present_with_identifiable_ol,2009,2010,true,evaluable_complete_history_window,,104,104,104,104,104,103,0,0,17,17,0,12,5,27,17,0,0
2016,52,Florida State,true,roster_present_with_identifiable_ol,2009,2010,true,evaluable_complete_history_window,,127,127,127,127,127,127,0,0,22,22,0,17,5,29,22,0,0
2016,57,Florida,true,roster_present_with_identifiable_ol,2009,2010,true,evaluable_complete_history_window,,129,129,129,129,128,127,0,0,25,25,0,11,14,18,25,0,3
2016,58,South Florida,true,roster_present_with_identifiable_ol,2009,2010,true,evaluable_complete_history_window,,112,112,112,112,111,110,0,0,19,19,0,10,9,19,19,0,1
2016,59,Georgia Tech,true,roster_present_with_identifiable_ol,2009,2010,true,evaluable_complete_history_window,,111,111,111,111,110,109,0,0,19,19,0,16,3,36,19,0,17
2016,61,Georgia,true,roster_present_with_identifiable_ol,2009,2010,true,evaluable_complete_history_window,,132,132,132,132,131,131,0,0,20,20,0,16,4,33,20,0,13
2016,62,Hawai'i,true,roster_present_with_identifiable_ol,2009,2010,true,evaluable_complete_history_window,,128,128,128,128,126,125,0,0,18,18,0,13,5,24,18,0,2
2016,66,Iowa State,true,roster_present_with_identifiable_ol,2009,2010,true,evaluable_complete_history_window,,122,122,122,122,121,120,0,0,21,21,0,11,10,26,21,0,2
2016,68,Boise State,true,roster_present_with_identifiable_ol,2009,2010,true,evaluable_complete_history_window,,99,99,99,99,99,98,0,0,14,14,0,7,7,24,14,0,11
2016,70,Idaho,true,roster_present_no_identifiable_ol,2009,2010,true,evaluable_complete_history_window,,57,57,57,57,43,32,0,0,0,0,0,0,0,0,0,0,15
2016,77,Northwestern,true,roster_present_with_identifiable_ol,2009,2010,true,evaluable_complete_history_window,,95,95,95,95,94,94,0,0,13,13,0,12,1,36,13,0,10
2016,84,Indiana,true,roster_present_with_identifiable_ol,2009,2010,true,evaluable_complete_history_window,,115,115,115,115,114,114,0,0,16,16,0,12,4,31,16,0,1
2016,87,Notre Dame,true,roster_present_with_identifiable_ol,2009,2010,true,evaluable_complete_history_window,,117,117,117,117,117,117,0,0,16,16,0,11,5,25,16,0,0
2016,96,Kentucky,true,roster_present_with_identifiable_ol,2009,2010,true,evaluable_complete_history_window,,116,116,116,116,115,114,0,0,15,15,0,11,4,28,15,0,2
2016,97,Louisville,true,roster_present_with_identifiable_ol,2009,2010,true,evaluable_complete_history_window,,117,117,117,117,114,114,0,0,18,18,0,12,6,17,18,0,3
2016,98,Western Kentucky,true,roster_present_with_identifiable_ol,2009,2010,true,evaluable_complete_history_window,,106,106,106,106,105,105,0,0,17,17,0,14,3,28,17,0,1
2016,99,LSU,true,roster_present_with_identifiable_ol,2009,2010,true,evaluable_complete_history_window,,115,115,115,115,115,115,0,0,17,17,0,13,4,23,17,0,0
2016,103,Boston College,true,roster_present_with_identifiable_ol,2009,2010,true,evaluable_complete_history_window,,92,92,92,92,90,90,0,0,17,17,0,9,8,17,17,0,2
2016,113,Massachusetts,true,roster_present_with_identifiable_ol,2009,2010,true,evaluable_complete_history_window,,111,111,111,111,111,110,0,0,16,16,0,9,7,19,16,0,0
2016,120,Maryland,true,roster_present_with_identifiable_ol,2009,2010,true,evaluable_complete_history_window,,116,116,116,116,115,115,0,0,16,16,0,12,4,27,16,0,2
2016,127,Michigan State,true,roster_present_with_identifiable_ol,2009,2010,true,evaluable_complete_history_window,,108,108,108,108,107,107,0,0,16,16,0,13,3,32,16,0,1
2016,130,Michigan,true,roster_present_with_identifiable_ol,2009,2010,true,evaluable_complete_history_window,,144,144,144,144,143,143,0,0,20,20,0,11,9,27,20,0,2
2016,135,Minnesota,true,roster_present_with_identifiable_ol,2009,2010,true,evaluable_complete_history_window,,108,108,108,108,108,107,0,0,16,16,0,13,3,24,16,0,0
2016,142,Missouri,true,roster_present_with_identifiable_ol,2009,2010,true,evaluable_complete_history_window,,108,108,108,108,108,107,0,0,17,17,0,9,8,16,17,0,0
2016,145,Ole Miss,true,roster_present_with_identifiable_ol,2009,2010,true,evaluable_complete_history_window,,124,124,124,124,123,123,0,0,16,16,0,12,4,25,16,0,1
2016,150,Duke,true,roster_present_with_identifiable_ol,2009,2010,true,evaluable_complete_history_window,,101,101,101,101,100,100,0,0,15,15,0,11,4,28,15,0,1
2016,151,East Carolina,true,roster_present_with_identifiable_ol,2009,2010,true,evaluable_complete_history_window,,108,108,108,108,107,106,0,0,15,15,0,9,6,17,15,0,2
2016,152,NC State,true,roster_present_with_identifiable_ol,2009,2010,true,evaluable_complete_history_window,,111,111,111,111,111,110,0,0,20,20,0,12,8,25,20,0,1
2016,153,North Carolina,true,roster_present_with_identifiable_ol,2009,2010,true,evaluable_complete_history_window,,104,104,104,104,104,103,0,0,17,17,0,12,5,30,17,0,8
2016,154,Wake Forest,true,roster_present_with_identifiable_ol,2009,2010,true,evaluable_complete_history_window,,99,99,99,99,99,99,0,0,12,12,0,10,2,25,12,0,1
2016,158,Nebraska,true,roster_present_with_identifiable_ol,2009,2010,true,evaluable_complete_history_window,,131,131,131,131,130,128,0,0,19,19,0,15,4,36,19,0,1
2016,164,Rutgers,true,roster_present_with_identifiable_ol,2009,2010,true,evaluable_complete_history_window,,108,108,108,108,108,108,0,0,12,12,0,10,2,24,12,0,0
2016,166,New Mexico State,true,roster_present_with_identifiable_ol,2009,2010,true,evaluable_complete_history_window,,114,114,114,114,113,112,0,0,16,16,0,6,10,15,16,0,2
2016,167,New Mexico,true,roster_present_with_identifiable_ol,2009,2010,true,evaluable_complete_history_window,,130,130,130,130,129,129,0,0,19,19,0,9,10,21,19,0,2
2016,183,Syracuse,true,roster_present_with_identifiable_ol,2009,2010,true,evaluable_complete_history_window,,108,108,108,108,107,106,0,0,16,16,0,12,4,30,16,0,2
2016,189,Bowling Green,true,roster_present_with_identifiable_ol,2009,2010,true,evaluable_complete_history_window,,109,109,109,109,109,108,0,0,18,18,0,12,6,33,18,0,1
2016,193,Miami (OH),true,roster_present_with_identifiable_ol,2009,2010,true,evaluable_complete_history_window,,104,104,104,104,103,102,0,0,14,14,0,9,5,18,14,0,1
2016,194,Ohio State,true,roster_present_with_identifiable_ol,2009,2010,true,evaluable_complete_history_window,,118,118,118,118,118,117,0,0,21,21,0,14,7,29,21,0,1
2016,195,Ohio,true,roster_present_with_identifiable_ol,2009,2010,true,evaluable_complete_history_window,,109,109,109,109,109,109,0,0,21,21,0,14,7,31,21,0,0
2016,197,Oklahoma State,true,roster_present_with_identifiable_ol,2009,2010,true,evaluable_complete_history_window,,124,124,124,124,124,123,0,0,17,17,0,11,6,22,17,0,0
2016,201,Oklahoma,true,roster_present_with_identifiable_ol,2009,2010,true,evaluable_complete_history_window,,122,122,122,122,122,121,0,0,18,18,0,15,3,27,18,0,0
2016,202,Tulsa,true,roster_present_with_identifiable_ol,2009,2010,true,evaluable_complete_history_window,,109,109,109,109,106,106,0,0,15,15,0,11,4,22,15,0,5
2016,204,Oregon State,true,roster_present_with_identifiable_ol,2009,2010,true,evaluable_complete_history_window,,112,112,112,112,112,110,0,0,19,19,0,17,2,39,19,0,0
2016,213,Penn State,true,roster_present_with_identifiable_ol,2009,2010,true,evaluable_complete_history_window,,112,112,112,112,111,110,0,0,18,18,0,15,3,35,18,0,1
2016,218,Temple,true,roster_present_with_identifiable_ol,2009,2010,true,evaluable_complete_history_window,,121,121,121,121,120,119,0,0,21,21,0,15,6,38,21,0,2
2016,221,Pittsburgh,true,roster_present_with_identifiable_ol,2009,2010,true,evaluable_complete_history_window,,105,105,105,105,105,105,0,0,20,20,0,16,4,36,20,0,0
2016,228,Clemson,true,roster_present_with_identifiable_ol,2009,2010,true,evaluable_complete_history_window,,112,112,112,112,112,112,0,0,18,18,0,14,4,23,18,0,0
2016,235,Memphis,true,roster_present_with_identifiable_ol,2009,2010,true,evaluable_complete_history_window,,111,111,111,111,111,111,0,0,18,18,0,11,7,22,18,0,1
2016,238,Vanderbilt,true,roster_present_with_identifiable_ol,2009,2010,true,evaluable_complete_history_window,,98,98,98,98,97,97,0,0,16,16,0,12,4,28,16,0,1
2016,239,Baylor,true,roster_present_with_identifiable_ol,2009,2010,true,evaluable_complete_history_window,,108,108,108,108,108,108,0,0,19,19,0,13,6,26,19,0,0
2016,242,Rice,true,roster_present_with_identifiable_ol,2009,2010,true,evaluable_complete_history_window,,106,106,106,106,105,105,0,0,19,19,0,12,7,27,19,0,3
2016,245,Texas A&M,true,roster_present_with_identifiable_ol,2009,2010,true,evaluable_complete_history_window,,108,108,108,108,107,107,0,0,15,15,0,12,3,17,15,0,3
2016,248,Houston,true,roster_present_with_identifiable_ol,2009,2010,true,evaluable_complete_history_window,,117,117,117,117,117,117,0,0,17,17,0,10,7,20,17,0,0
2016,249,North Texas,true,roster_present_with_identifiable_ol,2009,2010,true,evaluable_complete_history_window,,115,115,115,115,115,115,0,0,17,17,0,12,5,18,17,0,4
2016,251,Texas,true,roster_present_with_identifiable_ol,2009,2010,true,evaluable_complete_history_window,,121,121,121,121,121,121,0,0,19,19,0,15,4,25,19,0,2
2016,252,BYU,true,roster_present_with_identifiable_ol,2009,2010,true,evaluable_complete_history_window,,126,126,126,126,126,126,0,0,13,13,0,10,3,30,13,0,2
2016,254,Utah,true,roster_present_with_identifiable_ol,2009,2010,true,evaluable_complete_history_window,,137,137,137,137,137,133,0,0,22,22,0,14,8,34,22,0,0
2016,258,Virginia,true,roster_present_with_identifiable_ol,2009,2010,true,evaluable_complete_history_window,,100,100,100,100,100,95,0,0,14,14,0,13,1,30,14,0,9
2016,259,Virginia Tech,true,roster_present_with_identifiable_ol,2009,2010,true,evaluable_complete_history_window,,118,118,118,118,117,117,0,0,21,21,0,14,7,30,21,0,4
2016,264,Washington,true,roster_present_with_identifiable_ol,2009,2010,true,evaluable_complete_history_window,,109,109,109,109,109,109,0,0,16,16,0,11,5,30,16,0,5
2016,265,Washington State,true,roster_present_with_identifiable_ol,2009,2010,true,evaluable_complete_history_window,,114,114,114,114,114,113,0,0,20,20,0,14,6,28,20,0,0
2016,275,Wisconsin,true,roster_present_with_identifiable_ol,2009,2010,true,evaluable_complete_history_window,,102,102,102,102,102,102,0,0,16,16,0,12,4,22,16,0,0
2016,276,Marshall,true,roster_present_with_identifiable_ol,2009,2010,true,evaluable_complete_history_window,,104,104,104,104,104,104,0,0,13,13,0,11,2,27,13,0,1
2016,277,West Virginia,true,roster_present_with_identifiable_ol,2009,2010,true,evaluable_complete_history_window,,132,132,132,132,131,131,0,0,17,17,0,14,3,33,17,0,1
2016,278,Fresno State,true,roster_present_with_identifiable_ol,2009,2010,true,evaluable_complete_history_window,,121,121,121,121,117,117,0,0,17,17,0,8,9,16,17,0,5
2016,290,Georgia Southern,true,roster_present_with_identifiable_ol,2009,2010,true,evaluable_complete_history_window,,124,124,124,124,122,121,0,0,20,20,0,14,6,23,20,0,3
2016,295,Old Dominion,true,roster_present_with_identifiable_ol,2009,2010,true,evaluable_complete_history_window,,107,107,107,107,107,107,0,0,16,16,0,8,8,15,16,0,0
2016,309,Louisiana,true,roster_present_with_identifiable_ol,2009,2010,true,evaluable_complete_history_window,,124,124,124,124,124,123,0,0,15,15,0,8,7,19,15,0,2
2016,326,Texas State,true,roster_present_with_identifiable_ol,2009,2010,true,evaluable_complete_history_window,,123,123,123,123,121,121,0,0,20,20,0,13,7,26,20,0,2
2016,328,Utah State,true,roster_present_with_identifiable_ol,2009,2010,true,evaluable_complete_history_window,,113,113,113,113,113,113,0,0,18,18,0,14,4,32,18,0,4
2016,333,Alabama,true,roster_present_with_identifiable_ol,2009,2010,true,evaluable_complete_history_window,,129,129,129,129,129,129,0,0,17,17,0,13,4,28,17,0,0
2016,344,Mississippi State,true,roster_present_with_identifiable_ol,2009,2010,true,evaluable_complete_history_window,,125,125,125,125,125,117,0,0,15,15,0,9,6,21,15,0,29
2016,349,Army,true,roster_present_with_identifiable_ol,2009,2010,true,evaluable_complete_history_window,,155,155,155,155,154,154,0,0,32,32,0,20,12,34,32,0,1
2016,356,Illinois,true,roster_present_with_identifiable_ol,2009,2010,true,evaluable_complete_history_window,,101,101,101,101,101,101,0,0,17,17,0,13,4,23,17,0,0
2016,2005,Air Force,true,roster_present_with_identifiable_ol,2009,2010,true,evaluable_complete_history_window,,143,143,143,143,141,140,0,0,25,25,0,13,12,17,25,0,13
2016,2006,Akron,true,roster_present_with_identifiable_ol,2009,2010,true,evaluable_complete_history_window,,118,118,118,118,118,116,0,0,17,17,0,8,9,16,17,0,0
2016,2026,App State,true,roster_present_with_identifiable_ol,2009,2010,true,evaluable_complete_history_window,,99,99,99,99,98,97,0,0,16,16,0,11,5,18,16,0,2
2016,2032,Arkansas State,true,roster_present_with_identifiable_ol,2009,2010,true,evaluable_complete_history_window,,119,119,119,119,118,115,0,0,15,15,0,11,4,26,15,0,4
2016,2050,Ball State,true,roster_present_with_identifiable_ol,2009,2010,true,evaluable_complete_history_window,,105,105,105,105,105,105,0,0,19,19,0,12,7,29,19,0,0
2016,2084,Buffalo,true,roster_present_with_identifiable_ol,2009,2010,true,evaluable_complete_history_window,,111,111,111,111,111,111,0,0,21,21,0,11,10,25,21,0,0
2016,2116,UCF,true,roster_present_with_identifiable_ol,2009,2010,true,evaluable_complete_history_window,,118,118,118,118,118,114,0,0,19,19,0,10,9,27,19,0,4
2016,2117,Central Michigan,true,roster_present_with_identifiable_ol,2009,2010,true,evaluable_complete_history_window,,106,106,106,106,106,106,0,0,18,18,0,14,4,38,18,0,0
2016,2132,Cincinnati,true,roster_present_with_identifiable_ol,2009,2010,true,evaluable_complete_history_window,,103,103,103,103,103,103,0,0,21,21,0,13,8,30,21,0,0
2016,2199,Eastern Michigan,true,roster_present_with_identifiable_ol,2009,2010,true,evaluable_complete_history_window,,117,117,117,117,117,117,0,0,19,19,0,13,6,29,19,0,0
2016,2226,Florida Atlantic,true,roster_present_with_identifiable_ol,2009,2010,true,evaluable_complete_history_window,,126,126,126,126,125,125,0,0,20,20,0,16,4,33,20,0,1
2016,2229,Florida International,true,roster_present_with_identifiable_ol,2009,2010,true,evaluable_complete_history_window,,115,115,115,115,115,115,0,0,22,22,0,15,7,35,22,0,0
2016,2247,Georgia State,true,roster_present_with_identifiable_ol,2009,2010,true,evaluable_complete_history_window,,109,109,109,109,108,108,0,0,14,14,0,11,3,21,14,0,4
2016,2294,Iowa,true,roster_present_with_identifiable_ol,2009,2010,true,evaluable_complete_history_window,,116,116,116,116,116,114,0,0,19,19,0,14,5,34,19,0,1
2016,2305,Kansas,true,roster_present_with_identifiable_ol,2009,2010,true,evaluable_complete_history_window,,120,120,120,120,120,120,0,0,19,19,0,13,6,17,19,0,0
2016,2306,Kansas State,true,roster_present_with_identifiable_ol,2009,2010,true,evaluable_complete_history_window,,127,127,127,127,125,124,0,0,19,19,0,9,10,21,19,0,2
2016,2309,Kent State,true,roster_present_with_identifiable_ol,2009,2010,true,evaluable_complete_history_window,,104,104,104,104,104,104,0,0,18,18,0,14,4,30,18,0,0
2016,2348,Louisiana Tech,true,roster_present_with_identifiable_ol,2009,2010,true,evaluable_complete_history_window,,123,123,123,123,123,112,0,0,18,18,0,11,7,23,18,0,6
2016,2390,Miami,true,roster_present_with_identifiable_ol,2009,2010,true,evaluable_complete_history_window,,117,117,117,117,115,115,0,0,16,16,0,13,3,25,16,0,2
2016,2393,Middle Tennessee,true,roster_present_with_identifiable_ol,2009,2010,true,evaluable_complete_history_window,,110,110,110,110,109,101,0,0,15,15,0,11,4,26,15,0,2
2016,2426,Navy,true,roster_present_with_identifiable_ol,2009,2010,true,evaluable_complete_history_window,,165,165,165,165,165,165,0,0,37,37,0,21,16,36,37,0,17
2016,2429,Charlotte,true,roster_present_with_identifiable_ol,2009,2010,true,evaluable_complete_history_window,,121,121,121,121,120,120,0,0,18,18,0,11,7,12,18,0,7
2016,2433,UL Monroe,true,roster_present_with_identifiable_ol,2009,2010,true,evaluable_complete_history_window,,111,111,111,111,110,101,0,0,19,19,0,10,9,17,19,0,1
2016,2439,UNLV,true,roster_present_with_identifiable_ol,2009,2010,true,evaluable_complete_history_window,,106,106,106,106,105,104,0,0,14,14,0,7,7,11,14,0,1
2016,2440,Nevada,true,roster_present_with_identifiable_ol,2009,2010,true,evaluable_complete_history_window,,115,115,115,115,115,115,0,0,17,17,0,12,5,27,17,0,0
2016,2459,Northern Illinois,true,roster_present_with_identifiable_ol,2009,2010,true,evaluable_complete_history_window,,108,108,108,108,107,107,0,0,17,17,0,13,4,30,17,0,7
2016,2483,Oregon,true,roster_present_with_identifiable_ol,2009,2010,true,evaluable_complete_history_window,,126,126,126,126,126,126,0,0,19,19,0,7,12,16,19,0,0
2016,2509,Purdue,true,roster_present_with_identifiable_ol,2009,2010,true,evaluable_complete_history_window,,109,109,109,109,107,107,0,0,17,17,0,12,5,30,17,0,2
2016,2567,SMU,true,roster_present_with_identifiable_ol,2009,2010,true,evaluable_complete_history_window,,114,114,114,114,114,114,0,0,18,18,0,12,6,25,18,0,1
2016,2572,Southern Miss,true,roster_present_with_identifiable_ol,2009,2010,true,evaluable_complete_history_window,,115,115,115,115,115,114,0,0,16,16,0,9,7,25,16,0,3
2016,2579,South Carolina,true,roster_present_with_identifiable_ol,2009,2010,true,evaluable_complete_history_window,,118,118,118,118,118,118,0,0,14,14,0,9,5,17,14,0,1
2016,2628,TCU,true,roster_present_with_identifiable_ol,2009,2010,true,evaluable_complete_history_window,,120,120,120,120,120,119,0,0,18,18,0,9,9,22,18,0,0
2016,2633,Tennessee,true,roster_present_with_identifiable_ol,2009,2010,true,evaluable_complete_history_window,,122,122,122,122,122,121,0,0,21,21,0,14,7,25,21,0,2
2016,2636,UTSA,true,roster_present_with_identifiable_ol,2009,2010,true,evaluable_complete_history_window,,127,127,127,127,126,126,0,0,18,18,0,10,8,18,18,0,2
2016,2638,UTEP,true,roster_present_with_identifiable_ol,2009,2010,true,evaluable_complete_history_window,,123,123,123,123,123,123,0,0,17,17,0,11,6,30,17,0,0
2016,2641,Texas Tech,true,roster_present_with_identifiable_ol,2009,2010,true,evaluable_complete_history_window,,122,122,122,122,122,121,0,0,21,21,0,12,9,20,21,0,2
2016,2649,Toledo,true,roster_present_with_identifiable_ol,2009,2010,true,evaluable_complete_history_window,,118,118,118,118,118,118,0,0,14,14,0,12,2,31,14,0,1
2016,2653,Troy,true,roster_present_with_identifiable_ol,2009,2010,true,evaluable_complete_history_window,,119,119,119,119,119,114,0,0,20,20,0,14,6,31,20,0,0
2016,2655,Tulane,true,roster_present_with_identifiable_ol,2009,2010,true,evaluable_complete_history_window,,97,97,97,97,96,96,0,0,17,17,0,12,5,21,17,0,1
2016,2711,Western Michigan,true,roster_present_with_identifiable_ol,2009,2010,true,evaluable_complete_history_window,,88,88,88,88,87,87,0,0,13,13,0,9,4,20,13,0,1
2016,2751,Wyoming,true,roster_present_with_identifiable_ol,2009,2010,true,evaluable_complete_history_window,,109,109,109,109,109,109,0,0,17,17,0,13,4,28,17,0,4
2017,2,Auburn,true,roster_present_with_identifiable_ol,2009,2010,true,evaluable_complete_history_window,,108,108,108,108,108,108,0,0,16,16,0,11,5,21,16,0,3
2017,5,UAB,true,roster_present_with_identifiable_ol,2009,2010,true,evaluable_complete_history_window,,143,143,143,143,142,141,0,0,27,27,0,1,26,2,27,0,1
2017,6,South Alabama,true,roster_present_with_identifiable_ol,2009,2010,true,evaluable_complete_history_window,,119,119,119,119,119,118,0,0,19,19,0,14,5,22,19,0,1
2017,8,Arkansas,true,roster_present_with_identifiable_ol,2009,2010,true,evaluable_complete_history_window,,125,125,125,125,125,124,0,0,18,18,0,16,2,29,18,0,0
2017,9,Arizona State,true,roster_present_with_identifiable_ol,2009,2010,true,evaluable_complete_history_window,,123,123,123,123,122,121,0,0,17,17,0,15,2,25,17,0,1
2017,12,Arizona,true,roster_present_with_identifiable_ol,2009,2010,true,evaluable_complete_history_window,,124,124,124,124,124,123,0,0,18,18,0,10,8,23,18,0,2
2017,21,San Diego State,true,roster_present_with_identifiable_ol,2009,2010,true,evaluable_complete_history_window,,110,110,110,110,110,110,0,0,18,18,0,11,7,23,18,0,0
2017,23,San José State,true,roster_present_with_identifiable_ol,2009,2010,true,evaluable_complete_history_window,,112,112,112,112,112,111,0,0,17,17,0,12,5,32,17,0,0
2017,24,Stanford,true,roster_present_with_identifiable_ol,2009,2010,true,evaluable_complete_history_window,,104,104,104,104,104,103,0,0,16,16,0,14,2,32,16,0,6
2017,25,California,true,roster_present_with_identifiable_ol,2009,2010,true,evaluable_complete_history_window,,112,112,112,112,112,112,0,0,14,14,0,8,6,18,14,0,2
2017,26,UCLA,true,roster_present_with_identifiable_ol,2009,2010,true,evaluable_complete_history_window,,118,118,118,118,118,118,0,0,21,21,0,14,7,33,21,0,0
2017,30,USC,true,roster_present_with_identifiable_ol,2009,2010,true,evaluable_complete_history_window,,111,111,111,111,111,109,0,0,18,18,0,16,2,40,18,0,5
2017,36,Colorado State,true,roster_present_with_identifiable_ol,2009,2010,true,evaluable_complete_history_window,,111,111,111,111,110,109,0,0,16,16,0,10,6,25,16,0,1
2017,38,Colorado,true,roster_present_with_identifiable_ol,2009,2010,true,evaluable_complete_history_window,,115,115,115,115,115,113,0,0,18,18,0,14,4,30,18,0,8
2017,41,UConn,true,roster_present_with_identifiable_ol,2009,2010,true,evaluable_complete_history_window,,104,104,104,104,104,103,0,0,19,19,0,13,6,30,19,0,0
2017,52,Florida State,true,roster_present_with_identifiable_ol,2009,2010,true,evaluable_complete_history_window,,125,125,125,125,125,124,0,0,20,20,0,16,4,33,20,0,0
2017,57,Florida,true,roster_present_with_identifiable_ol,2009,2010,true,evaluable_complete_history_window,,123,123,123,123,123,122,0,0,18,18,0,12,6,26,18,0,2
2017,58,South Florida,true,roster_present_with_identifiable_ol,2009,2010,true,evaluable_complete_history_window,,110,110,110,110,110,110,0,0,19,19,0,13,6,26,19,0,0
2017,59,Georgia Tech,true,roster_present_with_identifiable_ol,2009,2010,true,evaluable_complete_history_window,,100,100,100,100,100,99,0,0,17,17,0,11,6,26,17,0,10
2017,61,Georgia,true,roster_present_with_identifiable_ol,2009,2010,true,evaluable_complete_history_window,,133,133,133,133,132,132,0,0,19,19,0,14,5,35,19,0,7
2017,62,Hawai'i,true,roster_present_with_identifiable_ol,2009,2010,true,evaluable_complete_history_window,,128,128,128,128,128,127,0,0,17,17,0,10,7,21,17,0,0
2017,66,Iowa State,true,roster_present_with_identifiable_ol,2009,2010,true,evaluable_complete_history_window,,118,118,118,118,118,117,0,0,20,20,0,14,6,31,20,0,1
2017,68,Boise State,true,roster_present_with_identifiable_ol,2009,2010,true,evaluable_complete_history_window,,98,98,98,98,98,97,0,0,15,15,0,9,6,17,15,0,10
2017,70,Idaho,true,roster_present_with_identifiable_ol,2009,2010,true,evaluable_complete_history_window,,46,46,46,46,45,45,0,0,1,1,0,0,1,0,1,0,2
2017,77,Northwestern,true,roster_present_with_identifiable_ol,2009,2010,true,evaluable_complete_history_window,,101,101,101,101,101,101,0,0,16,16,0,8,8,24,16,0,8
2017,84,Indiana,true,roster_present_with_identifiable_ol,2009,2010,true,evaluable_complete_history_window,,112,112,112,112,112,111,0,0,16,16,0,11,5,26,16,0,0
2017,87,Notre Dame,true,roster_present_with_identifiable_ol,2009,2010,true,evaluable_complete_history_window,,111,111,111,111,111,111,0,0,17,17,0,12,5,29,17,0,0
2017,96,Kentucky,true,roster_present_with_identifiable_ol,2009,2010,true,evaluable_complete_history_window,,111,111,111,111,111,111,0,0,14,14,0,8,6,23,14,0,1
2017,97,Louisville,true,roster_present_with_identifiable_ol,2009,2010,true,evaluable_complete_history_window,,113,113,113,113,113,112,0,0,17,17,0,12,5,21,17,0,0
2017,98,Western Kentucky,true,roster_present_with_identifiable_ol,2009,2010,true,evaluable_complete_history_window,,106,106,106,106,106,105,0,0,18,18,0,12,6,29,18,0,0
2017,99,LSU,true,roster_present_with_identifiable_ol,2009,2010,true,evaluable_complete_history_window,,125,125,125,125,125,124,0,0,19,19,0,10,9,19,19,0,0
2017,103,Boston College,true,roster_present_with_identifiable_ol,2009,2010,true,evaluable_complete_history_window,,99,99,99,99,99,99,0,0,20,20,0,13,7,23,20,0,0
2017,113,Massachusetts,true,roster_present_with_identifiable_ol,2009,2010,true,evaluable_complete_history_window,,111,111,111,111,111,110,0,0,14,14,0,10,4,20,14,0,0
2017,120,Maryland,true,roster_present_with_identifiable_ol,2009,2010,true,evaluable_complete_history_window,,107,107,107,107,106,106,0,0,17,17,0,9,8,17,17,0,1
2017,127,Michigan State,true,roster_present_with_identifiable_ol,2009,2010,true,evaluable_complete_history_window,,101,101,101,101,101,100,0,0,16,16,0,11,5,28,16,0,0
2017,130,Michigan,true,roster_present_with_identifiable_ol,2009,2010,true,evaluable_complete_history_window,,144,144,144,144,144,142,0,0,18,18,0,13,5,22,18,0,1
2017,135,Minnesota,true,roster_present_with_identifiable_ol,2009,2010,true,evaluable_complete_history_window,,96,96,96,96,96,96,0,0,14,14,0,9,5,18,14,0,0
2017,142,Missouri,true,roster_present_with_identifiable_ol,2009,2010,true,evaluable_complete_history_window,,117,117,117,117,117,115,0,0,16,16,0,13,3,28,16,0,0
2017,145,Ole Miss,true,roster_present_with_identifiable_ol,2009,2010,true,evaluable_complete_history_window,,127,127,127,127,126,125,0,0,16,16,0,11,5,26,16,0,2
2017,150,Duke,true,roster_present_with_identifiable_ol,2009,2010,true,evaluable_complete_history_window,,97,97,97,97,97,95,0,0,18,18,0,11,7,26,18,0,0
2017,151,East Carolina,true,roster_present_with_identifiable_ol,2009,2010,true,evaluable_complete_history_window,,110,110,110,110,110,110,0,0,18,18,0,10,8,20,18,0,1
2017,152,NC State,true,roster_present_with_identifiable_ol,2009,2010,true,evaluable_complete_history_window,,107,107,107,107,107,106,0,0,20,20,0,16,4,33,20,0,1
2017,153,North Carolina,true,roster_present_with_identifiable_ol,2009,2010,true,evaluable_complete_history_window,,109,109,109,109,109,107,0,0,15,15,0,11,4,21,15,0,10
2017,154,Wake Forest,true,roster_present_with_identifiable_ol,2009,2010,true,evaluable_complete_history_window,,92,92,92,92,91,90,0,0,11,11,0,7,4,17,11,0,1
2017,158,Nebraska,true,roster_present_with_identifiable_ol,2009,2010,true,evaluable_complete_history_window,,125,125,125,125,125,124,0,0,18,18,0,12,6,26,18,0,0
2017,164,Rutgers,true,roster_present_with_identifiable_ol,2009,2010,true,evaluable_complete_history_window,,106,106,106,106,106,106,0,0,17,17,0,9,8,21,17,0,0
2017,166,New Mexico State,true,roster_present_with_identifiable_ol,2009,2010,true,evaluable_complete_history_window,,117,117,117,117,116,116,0,0,16,16,0,8,8,12,16,0,1
2017,167,New Mexico,true,roster_present_with_identifiable_ol,2009,2010,true,evaluable_complete_history_window,,130,130,130,130,129,129,0,0,17,17,0,11,6,15,17,0,2
2017,183,Syracuse,true,roster_present_with_identifiable_ol,2009,2010,true,evaluable_complete_history_window,,98,98,98,98,98,97,0,0,14,14,0,11,3,25,14,0,0
2017,189,Bowling Green,true,roster_present_with_identifiable_ol,2009,2010,true,evaluable_complete_history_window,,114,114,114,114,114,114,0,0,14,14,0,11,3,25,14,0,1
2017,193,Miami (OH),true,roster_present_with_identifiable_ol,2009,2010,true,evaluable_complete_history_window,,110,110,110,110,110,110,0,0,15,15,0,12,3,27,15,0,0
2017,194,Ohio State,true,roster_present_with_identifiable_ol,2009,2010,true,evaluable_complete_history_window,,114,114,114,114,114,113,0,0,17,17,0,15,2,31,17,0,0
2017,195,Ohio,true,roster_present_with_identifiable_ol,2009,2010,true,evaluable_complete_history_window,,113,113,113,113,113,113,0,0,19,19,0,13,6,29,19,0,0
2017,197,Oklahoma State,true,roster_present_with_identifiable_ol,2009,2010,true,evaluable_complete_history_window,,115,115,115,115,115,114,0,0,19,19,0,10,9,21,19,0,0
2017,201,Oklahoma,true,roster_present_with_identifiable_ol,2009,2010,true,evaluable_complete_history_window,,107,107,107,107,107,105,0,0,16,16,0,14,2,28,16,0,1
2017,202,Tulsa,true,roster_present_with_identifiable_ol,2009,2010,true,evaluable_complete_history_window,,107,107,107,107,106,106,0,0,15,15,0,12,3,28,15,0,2
2017,204,Oregon State,true,roster_present_with_identifiable_ol,2009,2010,true,evaluable_complete_history_window,,108,108,108,108,108,107,0,0,14,14,0,9,5,26,14,0,0
2017,213,Penn State,true,roster_present_with_identifiable_ol,2009,2010,true,evaluable_complete_history_window,,108,108,108,108,108,107,0,0,16,16,0,10,6,25,16,0,0
2017,218,Temple,true,roster_present_with_identifiable_ol,2009,2010,true,evaluable_complete_history_window,,122,122,122,122,122,119,0,0,18,18,0,16,2,44,18,0,0
2017,221,Pittsburgh,true,roster_present_with_identifiable_ol,2009,2010,true,evaluable_complete_history_window,,96,96,96,96,96,95,0,0,15,15,0,10,5,22,15,0,0
2017,228,Clemson,true,roster_present_with_identifiable_ol,2009,2010,true,evaluable_complete_history_window,,114,114,114,114,114,114,0,0,16,16,0,13,3,29,16,0,0
2017,235,Memphis,true,roster_present_with_identifiable_ol,2009,2010,true,evaluable_complete_history_window,,121,121,121,121,120,114,0,0,20,20,0,12,8,24,20,0,7
2017,238,Vanderbilt,true,roster_present_with_identifiable_ol,2009,2010,true,evaluable_complete_history_window,,100,100,100,100,100,99,0,0,16,16,0,9,7,20,16,0,0
2017,239,Baylor,true,roster_present_with_identifiable_ol,2009,2010,true,evaluable_complete_history_window,,117,117,117,117,117,117,0,0,16,16,0,11,5,20,16,0,0
2017,242,Rice,true,roster_present_with_identifiable_ol,2009,2010,true,evaluable_complete_history_window,,97,97,97,97,97,97,0,0,17,17,0,14,3,31,17,0,1
2017,245,Texas A&M,true,roster_present_with_identifiable_ol,2009,2010,true,evaluable_complete_history_window,,120,120,120,120,120,119,0,0,19,19,0,10,9,18,19,0,1
2017,248,Houston,true,roster_present_with_identifiable_ol,2009,2010,true,evaluable_complete_history_window,,117,117,117,117,117,115,0,0,18,18,0,12,6,23,18,0,0
2017,249,North Texas,true,roster_present_with_identifiable_ol,2009,2010,true,evaluable_complete_history_window,,119,119,119,119,119,119,0,0,18,18,0,10,8,18,18,0,2
2017,251,Texas,true,roster_present_with_identifiable_ol,2009,2010,true,evaluable_complete_history_window,,109,109,109,109,109,109,0,0,20,20,0,13,7,28,20,0,3
2017,252,BYU,true,roster_present_with_identifiable_ol,2009,2010,true,evaluable_complete_history_window,,127,127,127,127,127,127,0,0,15,15,0,9,6,28,15,0,2
2017,254,Utah,true,roster_present_with_identifiable_ol,2009,2010,true,evaluable_complete_history_window,,129,129,129,129,129,128,0,0,23,23,0,15,8,32,23,0,0
2017,258,Virginia,true,roster_present_with_identifiable_ol,2009,2010,true,evaluable_complete_history_window,,95,95,95,95,95,88,0,0,14,14,0,7,7,19,14,0,5
2017,259,Virginia Tech,true,roster_present_with_identifiable_ol,2009,2010,true,evaluable_complete_history_window,,109,109,109,109,109,104,0,0,19,19,0,18,1,39,19,0,4
2017,264,Washington,true,roster_present_with_identifiable_ol,2009,2010,true,evaluable_complete_history_window,,103,103,103,103,103,103,0,0,14,14,0,12,2,30,14,0,6
2017,265,Washington State,true,roster_present_with_identifiable_ol,2009,2010,true,evaluable_complete_history_window,,111,111,111,111,111,111,0,0,17,17,0,13,4,27,17,0,1
2017,275,Wisconsin,true,roster_present_with_identifiable_ol,2009,2010,true,evaluable_complete_history_window,,103,103,103,103,103,103,0,0,14,14,0,10,4,21,14,0,0
2017,276,Marshall,true,roster_present_with_identifiable_ol,2009,2010,true,evaluable_complete_history_window,,99,99,99,99,99,99,0,0,14,14,0,6,8,15,14,0,1
2017,277,West Virginia,true,roster_present_with_identifiable_ol,2009,2010,true,evaluable_complete_history_window,,115,115,115,115,115,109,0,0,13,13,0,8,5,18,13,0,0
2017,278,Fresno State,true,roster_present_with_identifiable_ol,2009,2010,true,evaluable_complete_history_window,,118,118,118,118,118,118,0,0,19,19,0,13,6,25,19,0,0
2017,290,Georgia Southern,true,roster_present_with_identifiable_ol,2009,2010,true,evaluable_complete_history_window,,109,109,109,109,109,107,0,0,21,21,0,13,8,27,21,0,1
2017,295,Old Dominion,true,roster_present_with_identifiable_ol,2009,2010,true,evaluable_complete_history_window,,115,115,115,115,115,115,0,0,15,15,0,11,4,19,15,0,0
2017,309,Louisiana,true,roster_present_with_identifiable_ol,2009,2010,true,evaluable_complete_history_window,,117,117,117,117,117,117,0,0,14,14,0,12,2,26,14,0,0
2017,324,Coastal Carolina,true,roster_present_with_identifiable_ol,2009,2010,true,evaluable_complete_history_window,,111,111,111,111,111,110,0,0,20,20,0,3,17,4,20,0,0
2017,326,Texas State,true,roster_present_with_identifiable_ol,2009,2010,true,evaluable_complete_history_window,,107,107,107,107,107,107,0,0,15,15,0,11,4,18,15,0,0
2017,328,Utah State,true,roster_present_with_identifiable_ol,2009,2010,true,evaluable_complete_history_window,,117,117,117,117,117,116,0,0,18,18,0,9,9,24,18,0,2
2017,333,Alabama,true,roster_present_with_identifiable_ol,2009,2010,true,evaluable_complete_history_window,,126,126,126,126,126,125,0,0,17,17,0,8,9,18,17,0,0
2017,344,Mississippi State,true,roster_present_with_identifiable_ol,2009,2010,true,evaluable_complete_history_window,,111,111,111,111,111,111,0,0,16,16,0,11,5,19,16,0,10
2017,349,Army,true,roster_present_with_identifiable_ol,2009,2010,true,evaluable_complete_history_window,,177,177,177,177,177,177,0,0,33,33,0,20,13,36,33,0,0
2017,356,Illinois,true,roster_present_with_identifiable_ol,2009,2010,true,evaluable_complete_history_window,,105,105,105,105,104,104,0,0,14,14,0,10,4,20,14,0,1
2017,2005,Air Force,true,roster_present_with_identifiable_ol,2009,2010,true,evaluable_complete_history_window,,151,151,151,151,151,150,0,0,30,30,0,16,14,23,30,0,7
2017,2006,Akron,true,roster_present_with_identifiable_ol,2009,2010,true,evaluable_complete_history_window,,110,110,110,110,110,107,0,0,17,17,0,12,5,24,17,0,0
2017,2026,App State,true,roster_present_with_identifiable_ol,2009,2010,true,evaluable_complete_history_window,,113,113,113,113,113,106,0,0,21,21,0,13,8,26,21,0,2
2017,2032,Arkansas State,true,roster_present_with_identifiable_ol,2009,2010,true,evaluable_complete_history_window,,118,118,118,118,118,117,0,0,17,17,0,7,10,12,17,0,3
2017,2050,Ball State,true,roster_present_with_identifiable_ol,2009,2010,true,evaluable_complete_history_window,,103,103,103,103,103,103,0,0,15,15,0,14,1,32,15,0,0
2017,2084,Buffalo,true,roster_present_with_identifiable_ol,2009,2010,true,evaluable_complete_history_window,,106,106,106,106,106,106,0,0,18,18,0,14,4,28,18,0,0
2017,2116,UCF,true,roster_present_with_identifiable_ol,2009,2010,true,evaluable_complete_history_window,,121,121,121,121,121,118,0,0,18,18,0,12,6,28,18,0,1
2017,2117,Central Michigan,true,roster_present_with_identifiable_ol,2009,2010,true,evaluable_complete_history_window,,108,108,108,108,108,108,0,0,18,18,0,14,4,39,18,0,0
2017,2132,Cincinnati,true,roster_present_with_identifiable_ol,2009,2010,true,evaluable_complete_history_window,,100,100,100,100,100,100,0,0,17,17,0,13,4,28,17,0,0
2017,2199,Eastern Michigan,true,roster_present_with_identifiable_ol,2009,2010,true,evaluable_complete_history_window,,115,115,115,115,115,115,0,0,15,15,0,10,5,17,15,0,0
2017,2226,Florida Atlantic,true,roster_present_with_identifiable_ol,2009,2010,true,evaluable_complete_history_window,,133,133,133,133,133,133,0,0,24,24,0,12,12,30,24,0,0
2017,2229,Florida International,true,roster_present_with_identifiable_ol,2009,2010,true,evaluable_complete_history_window,,114,114,114,114,114,113,0,0,20,20,0,15,5,34,20,0,2
2017,2247,Georgia State,true,roster_present_with_identifiable_ol,2009,2010,true,evaluable_complete_history_window,,109,109,109,109,108,108,0,0,13,13,0,7,6,16,13,0,3
2017,2294,Iowa,true,roster_present_with_identifiable_ol,2009,2010,true,evaluable_complete_history_window,,121,121,121,121,121,121,0,0,16,16,0,13,3,32,16,0,1
2017,2305,Kansas,true,roster_present_with_identifiable_ol,2009,2010,true,evaluable_complete_history_window,,123,123,123,123,123,121,0,0,23,23,0,17,6,30,23,0,0
2017,2306,Kansas State,true,roster_present_with_identifiable_ol,2009,2010,true,evaluable_complete_history_window,,122,122,122,122,122,121,0,0,19,19,0,15,4,25,19,0,0
2017,2309,Kent State,true,roster_present_with_identifiable_ol,2009,2010,true,evaluable_complete_history_window,,115,115,115,115,115,115,0,0,19,19,0,11,8,23,19,0,1
2017,2348,Louisiana Tech,true,roster_present_with_identifiable_ol,2009,2010,true,evaluable_complete_history_window,,106,106,106,106,106,105,0,0,16,16,0,11,5,18,16,0,2
2017,2390,Miami,true,roster_present_with_identifiable_ol,2009,2010,true,evaluable_complete_history_window,,106,106,106,106,106,106,0,0,12,12,0,10,2,22,12,0,0
2017,2393,Middle Tennessee,true,roster_present_with_identifiable_ol,2009,2010,true,evaluable_complete_history_window,,118,118,118,118,117,104,0,0,17,17,0,9,8,21,17,0,2
2017,2426,Navy,true,roster_present_with_identifiable_ol,2009,2010,true,evaluable_complete_history_window,,176,176,176,176,176,176,0,0,36,36,0,27,9,48,36,0,10
2017,2429,Charlotte,true,roster_present_with_identifiable_ol,2009,2010,true,evaluable_complete_history_window,,110,110,110,110,110,110,0,0,15,15,0,11,4,18,15,0,3
2017,2433,UL Monroe,true,roster_present_with_identifiable_ol,2009,2010,true,evaluable_complete_history_window,,123,123,123,123,122,114,0,0,16,16,0,13,3,23,16,0,3
2017,2439,UNLV,true,roster_present_with_identifiable_ol,2009,2010,true,evaluable_complete_history_window,,116,116,116,116,116,116,0,0,16,16,0,11,5,19,16,0,0
2017,2440,Nevada,true,roster_present_with_identifiable_ol,2009,2010,true,evaluable_complete_history_window,,116,116,116,116,116,115,0,0,18,18,0,9,9,22,18,0,0
2017,2459,Northern Illinois,true,roster_present_with_identifiable_ol,2009,2010,true,evaluable_complete_history_window,,94,94,94,94,94,94,0,0,15,15,0,9,6,17,15,0,5
2017,2483,Oregon,true,roster_present_with_identifiable_ol,2009,2010,true,evaluable_complete_history_window,,105,105,105,105,105,103,0,0,17,17,0,13,4,24,17,0,0
2017,2509,Purdue,true,roster_present_with_identifiable_ol,2009,2010,true,evaluable_complete_history_window,,108,108,108,108,107,107,0,0,19,19,0,10,9,23,19,0,1
2017,2567,SMU,true,roster_present_with_identifiable_ol,2009,2010,true,evaluable_complete_history_window,,115,115,115,115,115,115,0,0,18,18,0,10,8,17,18,0,0
2017,2572,Southern Miss,true,roster_present_with_identifiable_ol,2009,2010,true,evaluable_complete_history_window,,129,129,129,129,129,127,0,0,19,19,0,8,11,17,19,0,4
2017,2579,South Carolina,true,roster_present_with_identifiable_ol,2009,2010,true,evaluable_complete_history_window,,105,105,105,105,105,105,0,0,14,14,0,11,3,24,14,0,1
2017,2628,TCU,true,roster_present_with_identifiable_ol,2009,2010,true,evaluable_complete_history_window,,132,132,132,132,132,131,0,0,20,20,0,16,4,33,20,0,0
2017,2633,Tennessee,true,roster_present_with_identifiable_ol,2009,2010,true,evaluable_complete_history_window,,121,121,121,121,120,118,0,0,21,21,0,16,5,30,21,0,2
2017,2636,UTSA,true,roster_present_with_identifiable_ol,2009,2010,true,evaluable_complete_history_window,,123,123,123,123,121,121,0,0,20,20,0,13,7,24,20,0,3
2017,2638,UTEP,true,roster_present_with_identifiable_ol,2009,2010,true,evaluable_complete_history_window,,124,124,124,124,124,124,0,0,15,15,0,9,6,17,15,0,0
2017,2641,Texas Tech,true,roster_present_with_identifiable_ol,2009,2010,true,evaluable_complete_history_window,,111,111,111,111,111,111,0,0,18,18,0,13,5,21,18,0,2
2017,2649,Toledo,true,roster_present_with_identifiable_ol,2009,2010,true,evaluable_complete_history_window,,102,102,102,102,102,101,0,0,14,14,0,9,5,24,14,0,0
2017,2653,Troy,true,roster_present_with_identifiable_ol,2009,2010,true,evaluable_complete_history_window,,115,115,115,115,115,113,0,0,14,14,0,12,2,22,14,0,1
2017,2655,Tulane,true,roster_present_with_identifiable_ol,2009,2010,true,evaluable_complete_history_window,,92,92,92,92,92,91,0,0,13,13,0,12,1,25,13,0,0
2017,2711,Western Michigan,true,roster_present_with_identifiable_ol,2009,2010,true,evaluable_complete_history_window,,103,103,103,103,103,102,0,0,17,17,0,10,7,20,17,0,1
2017,2751,Wyoming,true,roster_present_with_identifiable_ol,2009,2010,true,evaluable_complete_history_window,,101,101,101,101,101,101,0,0,14,14,0,9,5,22,14,0,4
2018,2,Auburn,true,roster_present_with_identifiable_ol,2009,2010,true,evaluable_complete_history_window,,112,112,112,112,112,112,0,0,17,17,0,10,7,21,17,0,1
2018,5,UAB,true,roster_present_with_identifiable_ol,2009,2010,true,evaluable_complete_history_window,,130,130,130,130,130,129,0,0,24,24,0,20,4,20,24,0,0
2018,6,South Alabama,true,roster_present_with_identifiable_ol,2009,2010,true,evaluable_complete_history_window,,114,114,114,114,113,111,0,0,16,16,0,9,7,16,16,0,2
2018,8,Arkansas,true,roster_present_with_identifiable_ol,2009,2010,true,evaluable_complete_history_window,,124,124,124,124,124,122,0,0,16,16,0,12,4,31,16,0,0
2018,9,Arizona State,true,roster_present_with_identifiable_ol,2009,2010,true,evaluable_complete_history_window,,113,113,113,113,113,112,0,0,16,16,0,11,5,22,16,0,0
2018,12,Arizona,true,roster_present_with_identifiable_ol,2009,2010,true,evaluable_complete_history_window,,114,114,114,114,112,111,0,0,18,18,0,13,5,23,18,0,4
2018,21,San Diego State,true,roster_present_with_identifiable_ol,2009,2010,true,evaluable_complete_history_window,,107,107,107,107,106,106,0,0,15,15,0,11,4,23,15,0,1
2018,23,San José State,true,roster_present_with_identifiable_ol,2009,2010,true,evaluable_complete_history_window,,116,116,116,116,109,106,0,0,14,14,0,11,3,24,14,0,7
2018,24,Stanford,true,roster_present_with_identifiable_ol,2009,2010,true,evaluable_complete_history_window,,103,103,103,103,102,101,0,0,14,14,0,12,2,33,14,0,4
2018,25,California,true,roster_present_with_identifiable_ol,2009,2010,true,evaluable_complete_history_window,,103,103,103,103,103,103,0,0,16,16,0,12,4,26,16,0,2
2018,26,UCLA,true,roster_present_with_identifiable_ol,2009,2010,true,evaluable_complete_history_window,,96,96,96,96,95,95,0,0,13,13,0,7,6,15,13,0,1
2018,30,USC,true,roster_present_with_identifiable_ol,2009,2010,true,evaluable_complete_history_window,,99,99,99,99,99,98,0,0,14,14,0,11,3,32,14,0,3
2018,36,Colorado State,true,roster_present_with_identifiable_ol,2009,2010,true,evaluable_complete_history_window,,101,101,101,101,101,100,0,0,14,14,0,9,5,19,14,0,0
2018,38,Colorado,true,roster_present_with_identifiable_ol,2009,2010,true,evaluable_complete_history_window,,115,115,115,115,115,113,0,0,15,15,0,10,5,22,15,0,4
2018,41,UConn,true,roster_present_with_identifiable_ol,2009,2010,true,evaluable_complete_history_window,,104,104,104,104,104,103,0,0,18,18,0,13,5,23,18,0,0
2018,52,Florida State,true,roster_present_with_identifiable_ol,2009,2010,true,evaluable_complete_history_window,,104,104,104,104,104,102,0,0,14,14,0,12,2,27,14,0,0
2018,57,Florida,true,roster_present_with_identifiable_ol,2009,2010,true,evaluable_complete_history_window,,123,123,123,123,123,121,0,0,15,15,0,12,3,29,15,0,7
2018,58,South Florida,true,roster_present_with_identifiable_ol,2009,2010,true,evaluable_complete_history_window,,109,109,109,109,109,107,0,0,16,16,0,11,5,21,16,0,0
2018,59,Georgia Tech,true,roster_present_with_identifiable_ol,2009,2010,true,evaluable_complete_history_window,,105,105,105,105,104,102,0,0,18,18,0,12,6,28,18,0,7
2018,61,Georgia,true,roster_present_with_identifiable_ol,2009,2010,true,evaluable_complete_history_window,,123,123,123,123,123,123,0,0,16,16,0,10,6,23,16,0,2
2018,62,Hawai'i,true,roster_present_with_identifiable_ol,2009,2010,true,evaluable_complete_history_window,,120,120,120,120,120,120,0,0,16,16,0,10,6,18,16,0,0
2018,66,Iowa State,true,roster_present_with_identifiable_ol,2009,2010,true,evaluable_complete_history_window,,110,110,110,110,107,106,0,0,15,15,0,12,3,22,15,0,4
2018,68,Boise State,true,roster_present_with_identifiable_ol,2009,2010,true,evaluable_complete_history_window,,91,91,91,91,91,90,0,0,14,14,0,12,2,20,14,0,6
2018,77,Northwestern,true,roster_present_with_identifiable_ol,2009,2010,true,evaluable_complete_history_window,,100,100,100,100,100,100,0,0,14,14,0,12,2,24,14,0,6
2018,84,Indiana,true,roster_present_with_identifiable_ol,2009,2010,true,evaluable_complete_history_window,,113,113,113,113,113,110,0,0,17,17,0,11,6,30,17,0,0
2018,87,Notre Dame,true,roster_present_with_identifiable_ol,2009,2010,true,evaluable_complete_history_window,,125,125,125,125,125,123,0,0,17,17,0,12,5,24,17,0,0
2018,96,Kentucky,true,roster_present_with_identifiable_ol,2009,2010,true,evaluable_complete_history_window,,116,116,116,116,116,114,0,0,15,15,0,8,7,13,15,0,0
2018,97,Louisville,true,roster_present_with_identifiable_ol,2009,2010,true,evaluable_complete_history_window,,129,129,129,129,126,125,0,0,20,20,0,12,8,24,20,0,3
2018,98,Western Kentucky,true,roster_present_with_identifiable_ol,2009,2010,true,evaluable_complete_history_window,,109,109,109,109,109,108,0,0,16,16,0,8,8,13,16,0,0
2018,99,LSU,true,roster_present_with_identifiable_ol,2009,2010,true,evaluable_complete_history_window,,111,111,111,111,110,109,0,0,17,17,0,14,3,27,17,0,1
2018,103,Boston College,true,roster_present_with_identifiable_ol,2009,2010,true,evaluable_complete_history_window,,99,99,99,99,99,99,0,0,20,20,0,16,4,33,20,0,0
2018,113,Massachusetts,true,roster_present_with_identifiable_ol,2009,2010,true,evaluable_complete_history_window,,107,107,107,107,106,104,0,0,15,15,0,11,4,27,15,0,1
2018,120,Maryland,true,roster_present_with_identifiable_ol,2009,2010,true,evaluable_complete_history_window,,112,112,112,112,112,112,0,0,18,18,0,12,6,26,18,0,0
2018,127,Michigan State,true,roster_present_with_identifiable_ol,2009,2010,true,evaluable_complete_history_window,,102,102,102,102,102,101,0,0,15,15,0,11,4,23,15,0,0
2018,130,Michigan,true,roster_present_with_identifiable_ol,2009,2010,true,evaluable_complete_history_window,,147,147,147,147,147,144,0,0,19,19,0,14,5,29,19,0,0
2018,135,Minnesota,true,roster_present_with_identifiable_ol,2009,2010,true,evaluable_complete_history_window,,99,99,99,99,98,98,0,0,15,15,0,9,6,21,15,0,1
2018,142,Missouri,true,roster_present_with_identifiable_ol,2009,2010,true,evaluable_complete_history_window,,106,106,106,106,106,104,0,0,14,14,0,9,5,23,14,0,0
2018,145,Ole Miss,true,roster_present_with_identifiable_ol,2009,2010,true,evaluable_complete_history_window,,118,118,118,118,117,115,0,0,16,16,0,13,3,31,16,0,1
2018,150,Duke,true,roster_present_with_identifiable_ol,2009,2010,true,evaluable_complete_history_window,,98,98,98,98,98,96,0,0,14,14,0,11,3,22,14,0,0
2018,151,East Carolina,true,roster_present_with_identifiable_ol,2009,2010,true,evaluable_complete_history_window,,92,92,92,92,91,91,0,0,15,15,0,12,3,20,15,0,1
2018,152,NC State,true,roster_present_with_identifiable_ol,2009,2010,true,evaluable_complete_history_window,,114,114,114,114,114,113,0,0,20,20,0,14,6,34,20,0,0
2018,153,North Carolina,true,roster_present_with_identifiable_ol,2009,2010,true,evaluable_complete_history_window,,111,111,111,111,110,108,0,0,17,17,0,9,8,20,17,0,6
2018,154,Wake Forest,true,roster_present_with_identifiable_ol,2009,2010,true,evaluable_complete_history_window,,95,95,95,95,95,93,0,0,16,16,0,10,6,25,16,0,0
2018,158,Nebraska,true,roster_present_with_identifiable_ol,2009,2010,true,evaluable_complete_history_window,,119,119,119,119,119,118,0,0,16,16,0,12,4,26,16,0,0
2018,164,Rutgers,true,roster_present_with_identifiable_ol,2009,2010,true,evaluable_complete_history_window,,104,104,104,104,103,103,0,0,19,19,0,14,5,27,19,0,1
2018,166,New Mexico State,true,roster_present_with_identifiable_ol,2009,2010,true,evaluable_complete_history_window,,109,109,109,109,109,109,0,0,16,16,0,13,3,23,16,0,0
2018,167,New Mexico,true,roster_present_with_identifiable_ol,2009,2010,true,evaluable_complete_history_window,,130,130,130,130,129,128,0,0,16,16,0,11,5,21,16,0,2
2018,183,Syracuse,true,roster_present_with_identifiable_ol,2009,2010,true,evaluable_complete_history_window,,100,100,100,100,98,96,0,0,15,15,0,11,4,29,15,0,2
2018,189,Bowling Green,true,roster_present_with_identifiable_ol,2009,2010,true,evaluable_complete_history_window,,111,111,111,111,106,103,0,0,12,12,0,9,3,18,12,0,5
2018,193,Miami (OH),true,roster_present_with_identifiable_ol,2009,2010,true,evaluable_complete_history_window,,105,105,105,105,105,105,0,0,14,14,0,12,2,31,14,0,0
2018,194,Ohio State,true,roster_present_with_identifiable_ol,2009,2010,true,evaluable_complete_history_window,,119,119,119,119,119,117,0,0,16,16,0,13,3,35,16,0,0
2018,195,Ohio,true,roster_present_with_identifiable_ol,2009,2010,true,evaluable_complete_history_window,,114,114,114,114,114,113,0,0,18,18,0,13,5,30,18,0,0
2018,197,Oklahoma State,true,roster_present_with_identifiable_ol,2009,2010,true,evaluable_complete_history_window,,101,101,101,101,101,100,0,0,17,17,0,13,4,23,17,0,0
2018,201,Oklahoma,true,roster_present_with_identifiable_ol,2009,2010,true,evaluable_complete_history_window,,124,124,124,124,124,122,0,0,21,21,0,11,10,30,21,0,1
2018,202,Tulsa,true,roster_present_with_identifiable_ol,2009,2010,true,evaluable_complete_history_window,,112,112,112,112,110,109,0,0,14,14,0,10,4,26,14,0,2
2018,204,Oregon State,true,roster_present_with_identifiable_ol,2009,2010,true,evaluable_complete_history_window,,116,116,116,116,115,115,0,0,20,20,0,12,8,34,20,0,1
2018,213,Penn State,true,roster_present_with_identifiable_ol,2009,2010,true,evaluable_complete_history_window,,115,115,115,115,115,112,0,0,16,16,0,13,3,30,16,0,0
2018,218,Temple,true,roster_present_with_identifiable_ol,2009,2010,true,evaluable_complete_history_window,,117,117,117,117,117,116,0,0,19,19,0,10,9,26,19,0,0
2018,221,Pittsburgh,true,roster_present_with_identifiable_ol,2009,2010,true,evaluable_complete_history_window,,96,96,96,96,96,95,0,0,18,18,0,9,9,20,18,0,0
2018,228,Clemson,true,roster_present_with_identifiable_ol,2009,2010,true,evaluable_complete_history_window,,114,114,114,114,114,114,0,0,18,18,0,11,7,26,18,0,0
2018,235,Memphis,true,roster_present_with_identifiable_ol,2009,2010,true,evaluable_complete_history_window,,112,112,112,112,112,111,0,0,16,16,0,11,5,24,16,0,1
2018,238,Vanderbilt,true,roster_present_with_identifiable_ol,2009,2010,true,evaluable_complete_history_window,,106,106,106,106,105,103,0,0,19,19,0,13,6,28,19,0,1
2018,239,Baylor,true,roster_present_with_identifiable_ol,2009,2010,true,evaluable_complete_history_window,,106,106,106,106,106,105,0,0,17,17,0,12,5,25,17,0,0
2018,242,Rice,true,roster_present_with_identifiable_ol,2009,2010,true,evaluable_complete_history_window,,98,98,98,98,97,97,0,0,17,17,0,11,6,24,17,0,1
2018,245,Texas A&M,true,roster_present_with_identifiable_ol,2009,2010,true,evaluable_complete_history_window,,130,130,130,130,128,126,0,0,15,15,0,12,3,22,15,0,4
2018,248,Houston,true,roster_present_with_identifiable_ol,2009,2010,true,evaluable_complete_history_window,,112,112,112,112,112,109,0,0,15,15,0,12,3,28,15,0,0
2018,249,North Texas,true,roster_present_with_identifiable_ol,2009,2010,true,evaluable_complete_history_window,,107,107,107,107,107,106,0,0,15,15,0,11,4,21,15,0,1
2018,251,Texas,true,roster_present_with_identifiable_ol,2009,2010,true,evaluable_complete_history_window,,104,104,104,104,104,102,0,0,15,15,0,11,4,21,15,0,2
2018,252,BYU,true,roster_present_with_identifiable_ol,2009,2010,true,evaluable_complete_history_window,,123,123,123,123,123,123,0,0,15,15,0,9,6,28,15,0,3
2018,254,Utah,true,roster_present_with_identifiable_ol,2009,2010,true,evaluable_complete_history_window,,110,110,110,110,110,109,0,0,21,21,0,19,2,44,21,0,0
2018,258,Virginia,true,roster_present_with_identifiable_ol,2009,2010,true,evaluable_complete_history_window,,107,107,107,107,106,89,0,0,17,17,0,9,8,17,17,0,4
2018,259,Virginia Tech,true,roster_present_with_identifiable_ol,2009,2010,true,evaluable_complete_history_window,,102,102,102,102,101,100,0,0,18,18,0,14,4,40,18,0,1
2018,264,Washington,true,roster_present_with_identifiable_ol,2009,2010,true,evaluable_complete_history_window,,95,95,95,95,95,94,0,0,15,15,0,11,4,30,15,0,3
2018,265,Washington State,true,roster_present_with_identifiable_ol,2009,2010,true,evaluable_complete_history_window,,108,108,108,108,104,102,0,0,13,13,0,9,4,20,13,0,4
2018,275,Wisconsin,true,roster_present_with_identifiable_ol,2009,2010,true,evaluable_complete_history_window,,100,100,100,100,100,100,0,0,16,16,0,12,4,29,16,0,0
2018,276,Marshall,true,roster_present_with_identifiable_ol,2009,2010,true,evaluable_complete_history_window,,105,105,105,105,105,104,0,0,18,18,0,11,7,20,18,0,0
2018,277,West Virginia,true,roster_present_with_identifiable_ol,2009,2010,true,evaluable_complete_history_window,,114,114,114,114,114,112,0,0,16,16,0,9,7,18,16,0,0
2018,278,Fresno State,true,roster_present_with_identifiable_ol,2009,2010,true,evaluable_complete_history_window,,110,110,110,110,110,110,0,0,17,17,0,14,3,27,17,0,0
2018,290,Georgia Southern,true,roster_present_with_identifiable_ol,2009,2010,true,evaluable_complete_history_window,,101,101,101,101,101,98,0,0,17,17,0,12,5,23,17,0,0
2018,295,Old Dominion,true,roster_present_with_identifiable_ol,2009,2010,true,evaluable_complete_history_window,,117,117,117,117,115,115,0,0,14,14,0,9,5,21,14,0,2
2018,309,Louisiana,true,roster_present_with_identifiable_ol,2009,2010,true,evaluable_complete_history_window,,124,124,124,124,124,124,0,0,18,18,0,11,7,28,18,0,0
2018,324,Coastal Carolina,true,roster_present_with_identifiable_ol,2009,2010,true,evaluable_complete_history_window,,113,113,113,113,113,111,0,0,17,17,0,11,6,15,17,0,0
2018,326,Texas State,true,roster_present_with_identifiable_ol,2009,2010,true,evaluable_complete_history_window,,112,112,112,112,110,106,0,0,16,16,0,9,7,18,16,0,2
2018,328,Utah State,true,roster_present_with_identifiable_ol,2009,2010,true,evaluable_complete_history_window,,114,114,114,114,112,111,0,0,14,14,0,10,4,18,14,0,4
2018,333,Alabama,true,roster_present_with_identifiable_ol,2009,2010,true,evaluable_complete_history_window,,118,118,118,118,118,117,0,0,17,17,0,13,4,20,17,0,0
2018,344,Mississippi State,true,roster_present_with_identifiable_ol,2009,2010,true,evaluable_complete_history_window,,112,112,112,112,111,111,0,0,16,16,0,13,3,25,16,0,1
2018,349,Army,true,roster_present_with_identifiable_ol,2009,2010,true,evaluable_complete_history_window,,175,175,175,175,174,174,0,0,27,27,0,14,13,31,27,0,1
2018,356,Illinois,true,roster_present_with_identifiable_ol,2009,2010,true,evaluable_complete_history_window,,102,102,102,102,100,98,0,0,15,15,0,11,4,23,15,0,2
2018,2005,Air Force,true,roster_present_with_identifiable_ol,2009,2010,true,evaluable_complete_history_window,,142,142,142,142,141,140,0,0,25,25,0,20,5,30,25,0,7
2018,2006,Akron,true,roster_present_with_identifiable_ol,2009,2010,true,evaluable_complete_history_window,,118,118,118,118,117,114,0,0,18,18,0,11,7,23,18,0,1
2018,2026,App State,true,roster_present_with_identifiable_ol,2009,2010,true,evaluable_complete_history_window,,108,108,108,108,108,106,0,0,18,18,0,15,3,30,18,0,1
2018,2032,Arkansas State,true,roster_present_with_identifiable_ol,2009,2010,true,evaluable_complete_history_window,,128,128,128,128,126,124,0,0,19,19,0,12,7,21,19,0,7
2018,2050,Ball State,true,roster_present_with_identifiable_ol,2009,2010,true,evaluable_complete_history_window,,106,106,106,106,106,106,0,0,12,12,0,10,2,28,12,0,0
2018,2084,Buffalo,true,roster_present_with_identifiable_ol,2009,2010,true,evaluable_complete_history_window,,111,111,111,111,111,111,0,0,19,19,0,13,6,32,19,0,0
2018,2116,UCF,true,roster_present_with_identifiable_ol,2009,2010,true,evaluable_complete_history_window,,109,109,109,109,109,108,0,0,13,13,0,8,5,22,13,0,1
2018,2117,Central Michigan,true,roster_present_with_identifiable_ol,2009,2010,true,evaluable_complete_history_window,,111,111,111,111,110,110,0,0,19,19,0,10,9,26,19,0,1
2018,2132,Cincinnati,true,roster_present_with_identifiable_ol,2009,2010,true,evaluable_complete_history_window,,103,103,103,103,103,103,0,0,19,19,0,13,6,28,19,0,0
2018,2199,Eastern Michigan,true,roster_present_with_identifiable_ol,2009,2010,true,evaluable_complete_history_window,,114,114,114,114,113,113,0,0,14,14,0,9,5,15,14,0,1
2018,2226,Florida Atlantic,true,roster_present_with_identifiable_ol,2009,2010,true,evaluable_complete_history_window,,141,141,141,141,139,139,0,0,22,22,0,14,8,21,22,0,2
2018,2229,Florida International,true,roster_present_with_identifiable_ol,2009,2010,true,evaluable_complete_history_window,,107,107,107,107,106,105,0,0,20,20,0,16,4,38,20,0,2
2018,2247,Georgia State,true,roster_present_with_identifiable_ol,2009,2010,true,evaluable_complete_history_window,,100,100,100,100,98,96,0,0,11,11,0,7,4,14,11,0,3
2018,2294,Iowa,true,roster_present_with_identifiable_ol,2009,2010,true,evaluable_complete_history_window,,101,101,101,101,101,101,0,0,15,15,0,10,5,24,15,0,0
2018,2305,Kansas,true,roster_present_with_identifiable_ol,2009,2010,true,evaluable_complete_history_window,,112,112,112,112,112,110,0,0,16,16,0,13,3,25,16,0,0
2018,2306,Kansas State,true,roster_present_with_identifiable_ol,2009,2010,true,evaluable_complete_history_window,,110,110,110,110,110,109,0,0,17,17,0,11,6,21,17,0,0
2018,2309,Kent State,true,roster_present_with_identifiable_ol,2009,2010,true,evaluable_complete_history_window,,100,100,100,100,100,99,0,0,15,15,0,11,4,20,15,0,0
2018,2335,Liberty,true,roster_present_with_identifiable_ol,2009,2010,true,evaluable_complete_history_window,,100,100,100,100,100,99,0,0,12,12,0,8,4,14,12,0,0
2018,2348,Louisiana Tech,true,roster_present_with_identifiable_ol,2009,2010,true,evaluable_complete_history_window,,98,98,98,98,95,94,0,0,16,16,0,11,5,26,16,0,3
2018,2390,Miami,true,roster_present_with_identifiable_ol,2009,2010,true,evaluable_complete_history_window,,119,119,119,119,119,119,0,0,20,20,0,9,11,22,20,0,0
2018,2393,Middle Tennessee,true,roster_present_with_identifiable_ol,2009,2010,true,evaluable_complete_history_window,,117,117,117,117,116,108,0,0,16,16,0,13,3,26,16,0,2
2018,2426,Navy,true,roster_present_with_identifiable_ol,2009,2010,true,evaluable_complete_history_window,,172,172,172,172,172,171,0,0,37,37,0,29,8,60,37,0,3
2018,2429,Charlotte,true,roster_present_with_identifiable_ol,2009,2010,true,evaluable_complete_history_window,,114,114,114,114,113,112,0,0,16,16,0,10,6,22,16,0,2
2018,2433,UL Monroe,true,roster_present_with_identifiable_ol,2009,2010,true,evaluable_complete_history_window,,114,114,114,114,113,111,0,0,13,13,0,11,2,22,13,0,3
2018,2439,UNLV,true,roster_present_with_identifiable_ol,2009,2010,true,evaluable_complete_history_window,,105,105,105,105,105,105,0,0,16,16,0,11,5,20,16,0,0
2018,2440,Nevada,true,roster_present_with_identifiable_ol,2009,2010,true,evaluable_complete_history_window,,120,120,120,120,117,115,0,0,17,17,0,12,5,19,17,0,3
2018,2459,Northern Illinois,true,roster_present_with_identifiable_ol,2009,2010,true,evaluable_complete_history_window,,91,91,91,91,91,91,0,0,17,17,0,14,3,29,17,0,3
2018,2483,Oregon,true,roster_present_with_identifiable_ol,2009,2010,true,evaluable_complete_history_window,,102,102,102,102,102,100,0,0,15,15,0,12,3,20,15,0,0
2018,2509,Purdue,true,roster_present_with_identifiable_ol,2009,2010,true,evaluable_complete_history_window,,102,102,102,102,102,102,0,0,19,19,0,13,6,32,19,0,0
2018,2567,SMU,true,roster_present_with_identifiable_ol,2009,2010,true,evaluable_complete_history_window,,115,115,115,115,115,113,0,0,17,17,0,13,4,25,17,0,0
2018,2572,Southern Miss,true,roster_present_with_identifiable_ol,2009,2010,true,evaluable_complete_history_window,,122,122,122,122,122,120,0,0,16,16,0,14,2,18,16,0,2
2018,2579,South Carolina,true,roster_present_with_identifiable_ol,2009,2010,true,evaluable_complete_history_window,,108,108,108,108,106,105,0,0,15,15,0,9,6,20,15,0,3
2018,2628,TCU,true,roster_present_with_identifiable_ol,2009,2010,true,evaluable_complete_history_window,,124,124,124,124,124,122,0,0,15,15,0,12,3,25,15,0,0
2018,2633,Tennessee,true,roster_present_with_identifiable_ol,2009,2010,true,evaluable_complete_history_window,,115,115,115,115,115,110,0,0,20,20,0,16,4,32,20,0,0
2018,2636,UTSA,true,roster_present_with_identifiable_ol,2009,2010,true,evaluable_complete_history_window,,116,116,116,116,115,114,0,0,17,17,0,12,5,20,17,0,1
2018,2638,UTEP,true,roster_present_with_identifiable_ol,2009,2010,true,evaluable_complete_history_window,,118,118,118,118,118,118,0,0,18,18,0,9,9,17,18,0,0
2018,2641,Texas Tech,true,roster_present_with_identifiable_ol,2009,2010,true,evaluable_complete_history_window,,115,115,115,115,113,112,0,0,17,17,0,13,4,27,17,0,4
2018,2649,Toledo,true,roster_present_with_identifiable_ol,2009,2010,true,evaluable_complete_history_window,,108,108,108,108,108,107,0,0,16,16,0,9,7,19,16,0,0
2018,2653,Troy,true,roster_present_with_identifiable_ol,2009,2010,true,evaluable_complete_history_window,,113,113,113,113,112,110,0,0,14,14,0,9,5,21,14,0,1
2018,2655,Tulane,true,roster_present_with_identifiable_ol,2009,2010,true,evaluable_complete_history_window,,95,95,95,95,95,94,0,0,15,15,0,9,6,23,15,0,0
2018,2711,Western Michigan,true,roster_present_with_identifiable_ol,2009,2010,true,evaluable_complete_history_window,,108,108,108,108,106,103,0,0,18,18,0,13,5,27,18,0,3
2018,2751,Wyoming,true,roster_present_with_identifiable_ol,2009,2010,true,evaluable_complete_history_window,,97,97,97,97,96,95,0,0,13,13,0,8,5,15,13,0,5
2019,2,Auburn,true,roster_present_with_identifiable_ol,2009,2010,true,evaluable_complete_history_window,,125,125,125,125,124,123,0,0,20,20,0,14,6,28,20,0,1
2019,5,UAB,true,roster_present_with_identifiable_ol,2009,2010,true,evaluable_complete_history_window,,126,126,126,126,126,124,0,0,19,19,0,15,4,27,19,0,0
2019,6,South Alabama,true,roster_present_with_identifiable_ol,2009,2010,true,evaluable_complete_history_window,,123,123,123,123,123,120,0,0,20,20,0,9,11,19,20,0,1
2019,8,Arkansas,true,roster_present_with_identifiable_ol,2009,2010,true,evaluable_complete_history_window,,130,130,130,130,130,130,0,0,22,22,0,9,13,19,22,0,0
2019,9,Arizona State,true,roster_present_with_identifiable_ol,2009,2010,true,evaluable_complete_history_window,,114,114,114,114,114,113,0,0,22,22,0,10,12,22,22,0,0
2019,12,Arizona,true,roster_present_with_identifiable_ol,2009,2010,true,evaluable_complete_history_window,,116,116,116,116,116,115,0,0,15,15,0,12,3,21,15,0,0
2019,21,San Diego State,true,roster_present_with_identifiable_ol,2009,2010,true,evaluable_complete_history_window,,113,113,113,113,113,113,0,0,18,18,0,11,7,23,18,0,0
2019,23,San José State,true,roster_present_with_identifiable_ol,2009,2010,true,evaluable_complete_history_window,,111,111,111,111,111,110,0,0,17,17,0,10,7,27,17,0,0
2019,24,Stanford,true,roster_present_with_identifiable_ol,2009,2010,true,evaluable_complete_history_window,,104,104,104,104,104,102,0,0,15,15,0,8,7,19,15,0,0
2019,25,California,true,roster_present_with_identifiable_ol,2009,2010,true,evaluable_complete_history_window,,112,112,112,112,112,112,0,0,18,18,0,9,9,15,18,0,0
2019,26,UCLA,true,roster_present_with_identifiable_ol,2009,2010,true,evaluable_complete_history_window,,124,124,124,124,124,123,0,0,21,21,0,8,13,15,21,0,0
2019,30,USC,true,roster_present_with_identifiable_ol,2009,2010,true,evaluable_complete_history_window,,114,114,114,114,114,114,0,0,17,17,0,10,7,27,17,0,0
2019,36,Colorado State,true,roster_present_with_identifiable_ol,2009,2010,true,evaluable_complete_history_window,,118,118,118,118,118,115,0,0,16,16,0,9,7,18,16,0,0
2019,38,Colorado,true,roster_present_with_identifiable_ol,2009,2010,true,evaluable_complete_history_window,,113,113,113,113,113,111,0,0,20,20,0,11,9,21,20,0,1
2019,41,UConn,true,roster_present_with_identifiable_ol,2009,2010,true,evaluable_complete_history_window,,104,104,104,104,104,104,0,0,17,17,0,12,5,24,17,0,0
2019,52,Florida State,true,roster_present_with_identifiable_ol,2009,2010,true,evaluable_complete_history_window,,120,120,120,120,119,115,0,0,21,21,0,9,12,23,21,0,1
2019,57,Florida,true,roster_present_with_identifiable_ol,2009,2010,true,evaluable_complete_history_window,,123,123,123,123,123,122,0,0,15,15,0,7,8,14,15,0,1
2019,58,South Florida,true,roster_present_with_identifiable_ol,2009,2010,true,evaluable_complete_history_window,,113,113,113,113,113,111,0,0,18,18,0,13,5,25,18,0,0
2019,59,Georgia Tech,true,roster_present_with_identifiable_ol,2009,2010,true,evaluable_complete_history_window,,122,122,122,122,122,119,0,0,20,20,0,10,10,17,20,0,0
2019,61,Georgia,true,roster_present_with_identifiable_ol,2009,2010,true,evaluable_complete_history_window,,133,133,133,133,133,132,0,0,23,23,0,12,11,22,23,0,0
2019,62,Hawai'i,true,roster_present_with_identifiable_ol,2009,2010,true,evaluable_complete_history_window,,122,122,122,122,122,122,0,0,21,21,0,15,6,29,21,0,0
2019,66,Iowa State,true,roster_present_with_identifiable_ol,2009,2010,true,evaluable_complete_history_window,,130,130,130,130,130,129,0,0,21,21,0,9,12,20,21,0,0
2019,68,Boise State,true,roster_present_with_identifiable_ol,2009,2010,true,evaluable_complete_history_window,,104,104,104,104,104,103,0,0,18,18,0,9,9,19,18,0,1
2019,77,Northwestern,true,roster_present_with_identifiable_ol,2009,2010,true,evaluable_complete_history_window,,114,114,114,114,114,114,0,0,19,19,0,10,9,19,19,0,2
2019,84,Indiana,true,roster_present_with_identifiable_ol,2009,2010,true,evaluable_complete_history_window,,122,122,122,122,122,119,0,0,19,19,0,9,10,21,19,0,0
2019,87,Notre Dame,true,roster_present_with_identifiable_ol,2009,2010,true,evaluable_complete_history_window,,121,121,121,121,117,115,0,0,19,19,0,13,6,28,19,0,4
2019,96,Kentucky,true,roster_present_with_identifiable_ol,2009,2010,true,evaluable_complete_history_window,,114,114,114,114,114,111,0,0,15,15,0,10,5,18,15,0,0
2019,97,Louisville,true,roster_present_with_identifiable_ol,2009,2010,true,evaluable_complete_history_window,,112,112,112,112,112,111,0,0,16,16,0,11,5,20,16,0,0
2019,98,Western Kentucky,true,roster_present_with_identifiable_ol,2009,2010,true,evaluable_complete_history_window,,106,106,106,106,106,105,0,0,15,15,0,10,5,19,15,0,0
2019,99,LSU,true,roster_present_with_identifiable_ol,2009,2010,true,evaluable_complete_history_window,,117,117,117,117,117,115,0,0,19,19,0,12,7,25,19,0,0
2019,103,Boston College,true,roster_present_with_identifiable_ol,2009,2010,true,evaluable_complete_history_window,,110,110,110,110,110,109,0,0,23,23,0,14,9,30,23,0,0
2019,113,Massachusetts,true,roster_present_with_identifiable_ol,2009,2010,true,evaluable_complete_history_window,,111,111,111,111,111,109,0,0,14,14,0,7,7,14,14,0,0
2019,120,Maryland,true,roster_present_with_identifiable_ol,2009,2010,true,evaluable_complete_history_window,,113,113,113,113,113,113,0,0,18,18,0,13,5,25,18,0,0
2019,127,Michigan State,true,roster_present_with_identifiable_ol,2009,2010,true,evaluable_complete_history_window,,120,120,120,120,120,118,0,0,24,24,0,13,11,29,24,0,0
2019,130,Michigan,true,roster_present_with_identifiable_ol,2009,2010,true,evaluable_complete_history_window,,148,148,148,148,148,145,0,0,23,23,0,14,9,32,23,0,0
2019,135,Minnesota,true,roster_present_with_identifiable_ol,2009,2010,true,evaluable_complete_history_window,,122,122,122,122,122,122,0,0,16,16,0,10,6,17,16,0,0
2019,142,Missouri,true,roster_present_with_identifiable_ol,2009,2010,true,evaluable_complete_history_window,,122,122,122,122,122,119,0,0,22,22,0,11,11,22,22,0,0
2019,145,Ole Miss,true,roster_present_with_identifiable_ol,2009,2010,true,evaluable_complete_history_window,,119,119,119,119,119,117,0,0,20,20,0,10,10,21,20,0,0
2019,150,Duke,true,roster_present_with_identifiable_ol,2009,2010,true,evaluable_complete_history_window,,111,111,111,111,111,109,0,0,18,18,0,11,7,22,18,0,0
2019,151,East Carolina,true,roster_present_with_identifiable_ol,2009,2010,true,evaluable_complete_history_window,,106,106,106,106,106,106,0,0,22,22,0,12,10,25,22,0,0
2019,152,NC State,true,roster_present_with_identifiable_ol,2009,2010,true,evaluable_complete_history_window,,127,127,127,127,126,126,0,0,24,24,0,12,12,27,24,0,1
2019,153,North Carolina,true,roster_present_with_identifiable_ol,2009,2010,true,evaluable_complete_history_window,,121,121,121,121,121,119,0,0,22,22,0,9,13,14,22,0,0
2019,154,Wake Forest,true,roster_present_with_identifiable_ol,2009,2010,true,evaluable_complete_history_window,,116,116,116,116,116,114,0,0,19,19,0,13,6,26,19,0,0
2019,158,Nebraska,true,roster_present_with_identifiable_ol,2009,2010,true,evaluable_complete_history_window,,158,158,158,158,158,156,0,0,27,27,0,12,15,23,27,0,0
2019,164,Rutgers,true,roster_present_with_identifiable_ol,2009,2010,true,evaluable_complete_history_window,,124,124,124,124,123,122,0,0,22,22,0,15,7,30,22,0,1
2019,166,New Mexico State,true,roster_present_with_identifiable_ol,2009,2010,true,evaluable_complete_history_window,,108,108,108,108,108,106,0,0,16,16,0,8,8,18,16,0,0
2019,167,New Mexico,true,roster_present_with_identifiable_ol,2009,2010,true,evaluable_complete_history_window,,108,108,108,108,108,107,0,0,16,16,0,13,3,25,16,0,0
2019,183,Syracuse,true,roster_present_with_identifiable_ol,2009,2010,true,evaluable_complete_history_window,,112,112,112,112,112,110,0,0,17,17,0,10,7,23,17,0,0
2019,189,Bowling Green,true,roster_present_with_identifiable_ol,2009,2010,true,evaluable_complete_history_window,,108,108,108,108,108,104,0,0,17,17,0,8,9,17,17,0,0
2019,193,Miami (OH),true,roster_present_with_identifiable_ol,2009,2010,true,evaluable_complete_history_window,,113,113,113,113,113,111,0,0,17,17,0,9,8,21,17,0,0
2019,194,Ohio State,true,roster_present_with_identifiable_ol,2009,2010,true,evaluable_complete_history_window,,128,128,128,128,127,124,0,0,21,21,0,10,11,25,21,0,1
2019,195,Ohio,true,roster_present_with_identifiable_ol,2009,2010,true,evaluable_complete_history_window,,125,125,125,125,125,124,0,0,23,23,0,12,11,23,23,0,0
2019,197,Oklahoma State,true,roster_present_with_identifiable_ol,2009,2010,true,evaluable_complete_history_window,,120,120,120,120,120,117,0,0,20,20,0,8,12,17,20,0,0
2019,201,Oklahoma,true,roster_present_with_identifiable_ol,2009,2010,true,evaluable_complete_history_window,,120,120,120,120,120,119,0,0,19,19,0,13,6,17,19,0,0
2019,202,Tulsa,true,roster_present_with_identifiable_ol,2009,2010,true,evaluable_complete_history_window,,119,119,119,119,119,118,0,0,18,18,0,8,10,16,18,0,1
2019,204,Oregon State,true,roster_present_with_identifiable_ol,2009,2010,true,evaluable_complete_history_window,,125,125,125,125,125,123,0,0,20,20,0,14,6,29,20,0,0
2019,213,Penn State,true,roster_present_with_identifiable_ol,2009,2010,true,evaluable_complete_history_window,,122,122,122,122,122,120,0,0,21,21,0,9,12,16,21,0,0
2019,218,Temple,true,roster_present_with_identifiable_ol,2009,2010,true,evaluable_complete_history_window,,116,116,116,116,116,114,0,0,18,18,0,10,8,20,18,0,0
2019,221,Pittsburgh,true,roster_present_with_identifiable_ol,2009,2010,true,evaluable_complete_history_window,,115,115,115,115,115,113,0,0,19,19,0,13,6,21,19,0,0
2019,228,Clemson,true,roster_present_with_identifiable_ol,2009,2010,true,evaluable_complete_history_window,,121,121,121,121,121,121,0,0,21,21,0,12,9,24,21,0,0
2019,235,Memphis,true,roster_present_with_identifiable_ol,2009,2010,true,evaluable_complete_history_window,,118,118,118,118,118,117,0,0,19,19,0,9,10,21,19,0,0
2019,238,Vanderbilt,true,roster_present_with_identifiable_ol,2009,2010,true,evaluable_complete_history_window,,115,115,115,115,115,113,0,0,18,18,0,14,4,26,18,0,0
2019,239,Baylor,true,roster_present_with_identifiable_ol,2009,2010,true,evaluable_complete_history_window,,122,122,122,122,122,121,0,0,20,20,0,11,9,20,20,0,0
2019,242,Rice,true,roster_present_with_identifiable_ol,2009,2010,true,evaluable_complete_history_window,,105,105,105,105,105,104,0,0,17,17,0,8,9,17,17,0,0
2019,245,Texas A&M,true,roster_present_with_identifiable_ol,2009,2010,true,evaluable_complete_history_window,,136,136,136,136,136,133,0,0,20,20,0,9,11,18,20,0,0
2019,248,Houston,true,roster_present_with_identifiable_ol,2009,2010,true,evaluable_complete_history_window,,115,115,115,115,115,110,0,0,17,17,0,10,7,24,17,0,0
2019,249,North Texas,true,roster_present_with_identifiable_ol,2009,2010,true,evaluable_complete_history_window,,111,111,111,111,111,110,0,0,17,17,0,9,8,19,17,0,0
2019,251,Texas,true,roster_present_with_identifiable_ol,2009,2010,true,evaluable_complete_history_window,,120,120,120,120,120,118,0,0,20,20,0,10,10,19,20,0,0
2019,252,BYU,true,roster_present_with_identifiable_ol,2009,2010,true,evaluable_complete_history_window,,124,124,124,124,124,122,0,0,17,17,0,11,6,25,17,0,1
2019,254,Utah,true,roster_present_with_identifiable_ol,2009,2010,true,evaluable_complete_history_window,,129,129,129,129,129,122,0,0,21,21,0,10,11,27,21,0,0
2019,258,Virginia,true,roster_present_with_identifiable_ol,2009,2010,true,evaluable_complete_history_window,,135,135,135,135,135,110,0,0,23,23,0,11,12,16,23,0,1
2019,259,Virginia Tech,true,roster_present_with_identifiable_ol,2009,2010,true,evaluable_complete_history_window,,124,124,124,124,124,123,0,0,19,19,0,8,11,16,19,0,0
2019,264,Washington,true,roster_present_with_identifiable_ol,2009,2010,true,evaluable_complete_history_window,,107,107,107,107,107,105,0,0,17,17,0,10,7,22,17,0,1
2019,265,Washington State,true,roster_present_with_identifiable_ol,2009,2010,true,evaluable_complete_history_window,,129,129,129,129,129,127,0,0,19,19,0,8,11,16,19,0,0
2019,275,Wisconsin,true,roster_present_with_identifiable_ol,2009,2010,true,evaluable_complete_history_window,,116,116,116,116,116,116,0,0,16,16,0,10,6,19,16,0,0
2019,276,Marshall,true,roster_present_with_identifiable_ol,2009,2010,true,evaluable_complete_history_window,,114,114,114,114,113,112,0,0,19,19,0,11,8,20,19,0,1
2019,277,West Virginia,true,roster_present_with_identifiable_ol,2009,2010,true,evaluable_complete_history_window,,120,120,120,120,120,118,0,0,23,23,0,12,11,25,23,0,0
2019,278,Fresno State,true,roster_present_with_identifiable_ol,2009,2010,true,evaluable_complete_history_window,,112,112,112,112,112,111,0,0,20,20,0,10,10,23,20,0,0
2019,290,Georgia Southern,true,roster_present_with_identifiable_ol,2009,2010,true,evaluable_complete_history_window,,133,133,133,133,133,128,0,0,20,20,0,13,7,24,20,0,0
2019,295,Old Dominion,true,roster_present_with_identifiable_ol,2009,2010,true,evaluable_complete_history_window,,116,116,116,116,116,116,0,0,20,20,0,10,10,18,20,0,0
2019,309,Louisiana,true,roster_present_with_identifiable_ol,2009,2010,true,evaluable_complete_history_window,,139,139,139,139,139,139,0,0,22,22,0,11,11,27,22,0,0
2019,324,Coastal Carolina,true,roster_present_with_identifiable_ol,2009,2010,true,evaluable_complete_history_window,,124,124,124,124,124,122,0,0,21,21,0,10,11,18,21,0,0
2019,326,Texas State,true,roster_present_with_identifiable_ol,2009,2010,true,evaluable_complete_history_window,,115,115,115,115,114,113,0,0,17,17,0,11,6,25,17,0,1
2019,328,Utah State,true,roster_present_with_identifiable_ol,2009,2010,true,evaluable_complete_history_window,,111,111,111,111,111,109,0,0,17,17,0,5,12,7,17,0,1
2019,333,Alabama,true,roster_present_with_identifiable_ol,2009,2010,true,evaluable_complete_history_window,,127,127,127,127,127,127,0,0,18,18,0,10,8,18,18,0,0
2019,344,Mississippi State,true,roster_present_with_identifiable_ol,2009,2010,true,evaluable_complete_history_window,,120,120,120,120,120,119,0,0,19,19,0,12,7,27,19,0,0
2019,349,Army,true,roster_present_with_identifiable_ol,2009,2010,true,evaluable_complete_history_window,,178,178,178,178,177,177,0,0,31,31,0,16,15,32,31,0,1
2019,356,Illinois,true,roster_present_with_identifiable_ol,2009,2010,true,evaluable_complete_history_window,,107,107,107,107,107,106,0,0,15,15,0,10,5,20,15,0,0
2019,2005,Air Force,true,roster_present_with_identifiable_ol,2009,2010,true,evaluable_complete_history_window,,112,112,112,112,111,110,0,0,20,20,0,19,1,40,20,0,7
2019,2006,Akron,true,roster_present_with_identifiable_ol,2009,2010,true,evaluable_complete_history_window,,125,125,125,125,125,122,0,0,21,21,0,12,9,23,21,0,1
2019,2026,App State,true,roster_present_with_identifiable_ol,2009,2010,true,evaluable_complete_history_window,,120,120,120,120,120,117,0,0,22,22,0,13,9,31,22,0,1
2019,2032,Arkansas State,true,roster_present_with_identifiable_ol,2009,2010,true,evaluable_complete_history_window,,115,115,115,115,115,110,0,0,19,19,0,14,5,23,19,0,1
2019,2050,Ball State,true,roster_present_with_identifiable_ol,2009,2010,true,evaluable_complete_history_window,,117,117,117,117,117,116,0,0,18,18,0,9,9,27,18,0,0
2019,2084,Buffalo,true,roster_present_with_identifiable_ol,2009,2010,true,evaluable_complete_history_window,,122,122,122,122,122,122,0,0,22,22,0,13,9,37,22,0,0
2019,2116,UCF,true,roster_present_with_identifiable_ol,2009,2010,true,evaluable_complete_history_window,,126,126,126,126,126,124,0,0,20,20,0,9,11,19,20,0,0
2019,2117,Central Michigan,true,roster_present_with_identifiable_ol,2009,2010,true,evaluable_complete_history_window,,115,115,115,115,115,114,0,0,21,21,0,12,9,23,21,0,0
2019,2132,Cincinnati,true,roster_present_with_identifiable_ol,2009,2010,true,evaluable_complete_history_window,,120,120,120,120,120,119,0,0,17,17,0,9,8,18,17,0,0
2019,2199,Eastern Michigan,true,roster_present_with_identifiable_ol,2009,2010,true,evaluable_complete_history_window,,130,130,130,130,130,130,0,0,18,18,0,8,10,17,18,0,0
2019,2226,Florida Atlantic,true,roster_present_with_identifiable_ol,2009,2010,true,evaluable_complete_history_window,,135,135,135,135,135,135,0,0,18,18,0,13,5,25,18,0,0
2019,2229,Florida International,true,roster_present_with_identifiable_ol,2009,2010,true,evaluable_complete_history_window,,111,111,111,111,111,110,0,0,19,19,0,12,7,27,19,0,0
2019,2247,Georgia State,true,roster_present_with_identifiable_ol,2009,2010,true,evaluable_complete_history_window,,109,109,109,109,109,106,0,0,13,13,0,6,7,9,13,0,0
2019,2294,Iowa,true,roster_present_with_identifiable_ol,2009,2010,true,evaluable_complete_history_window,,128,128,128,128,128,128,0,0,22,22,0,8,14,16,22,0,0
2019,2305,Kansas,true,roster_present_with_identifiable_ol,2009,2010,true,evaluable_complete_history_window,,119,119,119,119,119,117,0,0,18,18,0,13,5,33,18,0,1
2019,2306,Kansas State,true,roster_present_with_identifiable_ol,2009,2010,true,evaluable_complete_history_window,,132,132,132,132,132,131,0,0,21,21,0,13,8,27,21,0,1
2019,2309,Kent State,true,roster_present_with_identifiable_ol,2009,2010,true,evaluable_complete_history_window,,104,104,104,104,104,103,0,0,20,20,0,12,8,26,20,0,0
2019,2335,Liberty,true,roster_present_with_identifiable_ol,2009,2010,true,evaluable_complete_history_window,,121,121,121,121,121,119,0,0,16,16,0,9,7,20,16,0,0
2019,2348,Louisiana Tech,true,roster_present_with_identifiable_ol,2009,2010,true,evaluable_complete_history_window,,103,103,103,103,103,101,0,0,19,19,0,11,8,22,19,0,0
2019,2390,Miami,true,roster_present_with_identifiable_ol,2009,2010,true,evaluable_complete_history_window,,123,123,123,123,123,121,0,0,18,18,0,11,7,15,18,0,0
2019,2393,Middle Tennessee,true,roster_present_with_identifiable_ol,2009,2010,true,evaluable_complete_history_window,,115,115,115,115,115,112,0,0,21,21,0,11,10,22,21,0,1
2019,2426,Navy,true,roster_present_with_identifiable_ol,2009,2010,true,evaluable_complete_history_window,,165,165,165,165,165,162,0,0,32,32,0,22,10,48,32,0,1
2019,2429,Charlotte,true,roster_present_with_identifiable_ol,2009,2010,true,evaluable_complete_history_window,,121,121,121,121,121,120,0,0,15,15,0,9,6,18,15,0,0
2019,2433,UL Monroe,true,roster_present_with_identifiable_ol,2009,2010,true,evaluable_complete_history_window,,113,113,113,113,113,111,0,0,15,15,0,8,7,18,15,0,0
2019,2439,UNLV,true,roster_present_with_identifiable_ol,2009,2010,true,evaluable_complete_history_window,,107,107,107,107,107,105,0,0,19,19,0,12,7,24,19,0,0
2019,2440,Nevada,true,roster_present_with_identifiable_ol,2009,2010,true,evaluable_complete_history_window,,118,118,118,118,118,116,0,0,16,16,0,11,5,20,16,0,0
2019,2459,Northern Illinois,true,roster_present_with_identifiable_ol,2009,2010,true,evaluable_complete_history_window,,114,114,114,114,114,114,0,0,17,17,0,11,6,24,17,0,0
2019,2483,Oregon,true,roster_present_with_identifiable_ol,2009,2010,true,evaluable_complete_history_window,,119,119,119,119,119,115,0,0,19,19,0,13,6,30,19,0,0
2019,2509,Purdue,true,roster_present_with_identifiable_ol,2009,2010,true,evaluable_complete_history_window,,107,107,107,107,107,105,0,0,19,19,0,11,8,20,19,0,0
2019,2567,SMU,true,roster_present_with_identifiable_ol,2009,2010,true,evaluable_complete_history_window,,143,143,143,143,143,142,0,0,15,15,0,9,6,18,15,0,0
2019,2572,Southern Miss,true,roster_present_with_identifiable_ol,2009,2010,true,evaluable_complete_history_window,,121,121,121,121,121,119,0,0,18,18,0,12,6,24,18,0,0
2019,2579,South Carolina,true,roster_present_with_identifiable_ol,2009,2010,true,evaluable_complete_history_window,,119,119,119,119,119,118,0,0,17,17,0,8,9,12,17,0,1
2019,2628,TCU,true,roster_present_with_identifiable_ol,2009,2010,true,evaluable_complete_history_window,,129,129,129,129,129,128,0,0,19,19,0,12,7,27,19,0,0
2019,2633,Tennessee,true,roster_present_with_identifiable_ol,2009,2010,true,evaluable_complete_history_window,,128,128,128,128,128,121,0,0,20,20,0,9,11,20,20,0,0
2019,2636,UTSA,true,roster_present_with_identifiable_ol,2009,2010,true,evaluable_complete_history_window,,116,116,116,116,116,114,0,0,16,16,0,12,4,26,16,0,0
2019,2638,UTEP,true,roster_present_with_identifiable_ol,2009,2010,true,evaluable_complete_history_window,,116,116,116,116,116,116,0,0,22,22,0,12,10,22,22,0,0
2019,2641,Texas Tech,true,roster_present_with_identifiable_ol,2009,2010,true,evaluable_complete_history_window,,120,120,120,120,120,119,0,0,20,20,0,11,9,28,20,0,0
2019,2649,Toledo,true,roster_present_with_identifiable_ol,2009,2010,true,evaluable_complete_history_window,,120,120,120,120,120,118,0,0,21,21,0,11,10,23,21,0,0
2019,2653,Troy,true,roster_present_with_identifiable_ol,2009,2010,true,evaluable_complete_history_window,,119,119,119,119,119,118,0,0,20,20,0,11,9,23,20,0,1
2019,2655,Tulane,true,roster_present_with_identifiable_ol,2009,2010,true,evaluable_complete_history_window,,108,108,108,108,107,106,0,0,16,16,0,9,7,20,16,0,1
2019,2711,Western Michigan,true,roster_present_with_identifiable_ol,2009,2010,true,evaluable_complete_history_window,,109,109,109,109,109,106,0,0,20,20,0,14,6,30,20,0,0
2019,2751,Wyoming,true,roster_present_with_identifiable_ol,2009,2010,true,evaluable_complete_history_window,,114,114,114,114,114,113,0,0,19,19,0,8,11,12,19,0,1
2020,2,Auburn,true,roster_present_with_identifiable_ol,2009,2010,true,evaluable_complete_history_window,,125,125,125,125,125,123,0,0,18,18,0,11,7,20,18,0,0
2020,5,UAB,true,roster_present_with_identifiable_ol,2009,2010,true,evaluable_complete_history_window,,124,124,124,124,123,121,0,0,21,21,0,14,7,33,21,0,1
2020,6,South Alabama,true,roster_present_with_identifiable_ol,2009,2010,true,evaluable_complete_history_window,,117,117,117,117,117,115,0,0,22,22,0,13,9,21,22,0,0
2020,8,Arkansas,true,roster_present_with_identifiable_ol,2009,2010,true,evaluable_complete_history_window,,123,123,123,123,123,122,0,0,20,20,0,16,4,25,20,0,0
2020,9,Arizona State,true,roster_present_with_identifiable_ol,2009,2010,true,evaluable_complete_history_window,,116,116,116,116,116,115,0,0,19,19,0,14,5,20,19,0,0
2020,12,Arizona,true,roster_present_with_identifiable_ol,2009,2010,true,evaluable_complete_history_window,,121,121,121,121,121,120,0,0,20,20,0,11,9,23,20,0,0
2020,21,San Diego State,true,roster_present_with_identifiable_ol,2009,2010,true,evaluable_complete_history_window,,119,119,119,119,118,118,0,0,19,19,0,14,5,29,19,0,1
2020,23,San José State,true,roster_present_with_identifiable_ol,2009,2010,true,evaluable_complete_history_window,,112,112,112,112,112,111,0,0,16,16,0,13,3,24,16,0,0
2020,24,Stanford,true,roster_present_with_identifiable_ol,2009,2010,true,evaluable_complete_history_window,,107,107,107,107,107,104,0,0,16,16,0,8,8,16,16,0,0
2020,25,California,true,roster_present_with_identifiable_ol,2009,2010,true,evaluable_complete_history_window,,107,107,107,107,107,107,0,0,19,19,0,14,5,26,19,0,0
2020,26,UCLA,true,roster_present_with_identifiable_ol,2009,2010,true,evaluable_complete_history_window,,152,152,152,152,152,150,0,0,24,24,0,20,4,35,24,0,0
2020,30,USC,true,roster_present_with_identifiable_ol,2009,2010,true,evaluable_complete_history_window,,132,132,132,132,132,132,0,0,24,24,0,16,8,43,24,0,0
2020,36,Colorado State,true,roster_present_with_identifiable_ol,2009,2010,true,evaluable_complete_history_window,,113,113,113,113,111,108,0,0,18,18,0,9,9,17,18,0,2
2020,38,Colorado,true,roster_present_with_identifiable_ol,2009,2010,true,evaluable_complete_history_window,,120,120,120,120,120,118,0,0,19,19,0,15,4,24,19,0,0
2020,52,Florida State,true,roster_present_with_identifiable_ol,2009,2010,true,evaluable_complete_history_window,,125,125,125,125,125,120,0,0,21,21,0,11,10,18,21,0,0
2020,57,Florida,true,roster_present_with_identifiable_ol,2009,2010,true,evaluable_complete_history_window,,140,140,140,140,139,137,0,0,19,19,0,13,6,26,19,0,1
2020,58,South Florida,true,roster_present_with_identifiable_ol,2009,2010,true,evaluable_complete_history_window,,118,118,118,118,116,113,0,0,19,19,0,12,7,25,19,0,2
2020,59,Georgia Tech,true,roster_present_with_identifiable_ol,2009,2010,true,evaluable_complete_history_window,,139,139,139,139,138,135,0,0,23,23,0,14,9,23,23,0,1
2020,61,Georgia,true,roster_present_with_identifiable_ol,2009,2010,true,evaluable_complete_history_window,,147,147,147,147,146,135,0,0,26,26,0,15,11,26,26,0,1
2020,62,Hawai'i,true,roster_present_with_identifiable_ol,2009,2010,true,evaluable_complete_history_window,,147,147,147,147,147,146,0,0,24,24,0,21,3,50,24,0,0
2020,66,Iowa State,true,roster_present_with_identifiable_ol,2009,2010,true,evaluable_complete_history_window,,134,134,134,134,134,132,0,0,23,23,0,15,8,22,23,0,0
2020,68,Boise State,true,roster_present_with_identifiable_ol,2009,2010,true,evaluable_complete_history_window,,110,110,110,110,110,109,0,0,17,17,0,12,5,20,17,0,0
2020,77,Northwestern,true,roster_present_with_identifiable_ol,2009,2010,true,evaluable_complete_history_window,,115,115,115,115,115,115,0,0,18,18,0,14,4,22,18,0,0
2020,84,Indiana,true,roster_present_with_identifiable_ol,2009,2010,true,evaluable_complete_history_window,,124,124,124,124,124,121,0,0,24,24,0,14,10,21,24,0,0
2020,87,Notre Dame,true,roster_present_with_identifiable_ol,2009,2010,true,evaluable_complete_history_window,,116,116,116,116,116,113,0,0,18,18,0,15,3,36,18,0,0
2020,96,Kentucky,true,roster_present_with_identifiable_ol,2009,2010,true,evaluable_complete_history_window,,126,126,126,126,126,124,0,0,20,20,0,13,7,24,20,0,0
2020,97,Louisville,true,roster_present_with_identifiable_ol,2009,2010,true,evaluable_complete_history_window,,122,122,122,122,122,120,0,0,20,20,0,11,9,21,20,0,0
2020,98,Western Kentucky,true,roster_present_with_identifiable_ol,2009,2010,true,evaluable_complete_history_window,,112,112,112,112,112,111,0,0,17,17,0,11,6,21,17,0,0
2020,99,LSU,true,roster_present_with_identifiable_ol,2009,2010,true,evaluable_complete_history_window,,114,114,114,114,114,113,0,0,17,17,0,10,7,14,17,0,0
2020,103,Boston College,true,roster_present_with_identifiable_ol,2009,2010,true,evaluable_complete_history_window,,107,107,107,107,107,106,0,0,18,18,0,12,6,18,18,0,0
2020,113,Massachusetts,true,roster_present_with_identifiable_ol,2009,2010,true,evaluable_complete_history_window,,119,119,119,119,117,113,0,0,20,20,0,11,9,19,20,0,2
2020,120,Maryland,true,roster_present_with_identifiable_ol,2009,2010,true,evaluable_complete_history_window,,127,127,127,127,125,123,0,0,22,22,0,12,10,23,22,0,2
2020,127,Michigan State,true,roster_present_with_identifiable_ol,2009,2010,true,evaluable_complete_history_window,,122,122,122,122,122,121,0,0,21,21,0,19,2,34,21,0,0
2020,130,Michigan,true,roster_present_with_identifiable_ol,2009,2010,true,evaluable_complete_history_window,,136,136,136,136,136,133,0,0,19,19,0,15,4,26,19,0,0
2020,135,Minnesota,true,roster_present_with_identifiable_ol,2009,2010,true,evaluable_complete_history_window,,124,124,124,124,124,123,0,0,17,17,0,12,5,22,17,0,0
2020,142,Missouri,true,roster_present_with_identifiable_ol,2009,2010,true,evaluable_complete_history_window,,120,120,120,120,119,116,0,0,20,20,0,15,5,20,20,0,1
2020,145,Ole Miss,true,roster_present_with_identifiable_ol,2009,2010,true,evaluable_complete_history_window,,122,122,122,122,122,120,0,0,16,16,0,12,4,17,16,0,0
2020,150,Duke,true,roster_present_with_identifiable_ol,2009,2010,true,evaluable_complete_history_window,,110,110,110,110,109,108,0,0,17,17,0,13,4,23,17,0,1
2020,151,East Carolina,true,roster_present_with_identifiable_ol,2009,2010,true,evaluable_complete_history_window,,157,157,157,157,157,156,0,0,29,29,0,22,7,47,29,0,0
2020,152,NC State,true,roster_present_with_identifiable_ol,2009,2010,true,evaluable_complete_history_window,,124,124,124,124,124,122,0,0,22,22,0,15,7,29,22,0,0
2020,153,North Carolina,true,roster_present_with_identifiable_ol,2009,2010,true,evaluable_complete_history_window,,121,121,121,121,121,119,0,0,24,24,0,18,6,24,24,0,0
2020,154,Wake Forest,true,roster_present_with_identifiable_ol,2009,2010,true,evaluable_complete_history_window,,123,123,123,123,123,122,0,0,19,19,0,12,7,23,19,0,0
2020,158,Nebraska,true,roster_present_with_identifiable_ol,2009,2010,true,evaluable_complete_history_window,,161,161,161,161,161,155,0,0,28,28,0,21,7,37,28,0,0
2020,164,Rutgers,true,roster_present_with_identifiable_ol,2009,2010,true,evaluable_complete_history_window,,164,164,164,164,164,162,0,0,28,28,0,19,9,41,28,0,0
2020,166,New Mexico State,true,roster_present_with_identifiable_ol,2009,2010,true,evaluable_complete_history_window,,85,85,85,85,85,83,0,0,14,14,0,10,4,20,14,0,0
2020,167,New Mexico,true,roster_present_with_identifiable_ol,2009,2010,true,evaluable_complete_history_window,,117,117,117,117,116,115,0,0,19,19,0,11,8,24,19,0,1
2020,183,Syracuse,true,roster_present_with_identifiable_ol,2009,2010,true,evaluable_complete_history_window,,115,115,115,115,115,112,0,0,16,16,0,12,4,19,16,0,0
2020,189,Bowling Green,true,roster_present_with_identifiable_ol,2009,2010,true,evaluable_complete_history_window,,149,149,149,149,149,145,0,0,26,26,0,17,9,34,26,0,0
2020,193,Miami (OH),true,roster_present_with_identifiable_ol,2009,2010,true,evaluable_complete_history_window,,102,102,102,102,102,99,0,0,18,18,0,13,5,23,18,0,0
2020,194,Ohio State,true,roster_present_with_identifiable_ol,2009,2010,true,evaluable_complete_history_window,,123,123,123,123,123,120,0,0,22,22,0,16,6,26,22,0,0
2020,195,Ohio,true,roster_present_with_identifiable_ol,2009,2010,true,evaluable_complete_history_window,,127,127,127,127,127,126,0,0,22,22,0,17,5,28,22,0,0
2020,197,Oklahoma State,true,roster_present_with_identifiable_ol,2009,2010,true,evaluable_complete_history_window,,139,139,139,139,139,136,0,0,24,24,0,16,8,25,24,0,0
2020,201,Oklahoma,true,roster_present_with_identifiable_ol,2009,2010,true,evaluable_complete_history_window,,129,129,129,129,129,128,0,0,24,24,0,15,9,27,24,0,0
2020,202,Tulsa,true,roster_present_with_identifiable_ol,2009,2010,true,evaluable_complete_history_window,,112,112,112,112,112,111,0,0,16,16,0,10,6,17,16,0,0
2020,204,Oregon State,true,roster_present_with_identifiable_ol,2009,2010,true,evaluable_complete_history_window,,154,154,154,154,154,151,0,0,26,26,0,18,8,38,26,0,0
2020,213,Penn State,true,roster_present_with_identifiable_ol,2009,2010,true,evaluable_complete_history_window,,123,123,123,123,123,122,0,0,22,22,0,16,6,26,22,0,0
2020,218,Temple,true,roster_present_with_identifiable_ol,2009,2010,true,evaluable_complete_history_window,,127,127,127,127,127,124,0,0,20,20,0,14,6,25,20,0,0
2020,221,Pittsburgh,true,roster_present_with_identifiable_ol,2009,2010,true,evaluable_complete_history_window,,117,117,117,117,117,115,0,0,19,19,0,14,5,24,19,0,0
2020,228,Clemson,true,roster_present_with_identifiable_ol,2009,2010,true,evaluable_complete_history_window,,124,124,124,124,124,124,0,0,21,21,0,14,7,21,21,0,0
2020,235,Memphis,true,roster_present_with_identifiable_ol,2009,2010,true,evaluable_complete_history_window,,123,123,123,123,123,121,0,0,20,20,0,13,7,22,20,0,0
2020,238,Vanderbilt,true,roster_present_with_identifiable_ol,2009,2010,true,evaluable_complete_history_window,,113,113,113,113,111,109,0,0,18,18,0,11,7,22,18,0,2
2020,239,Baylor,true,roster_present_with_identifiable_ol,2009,2010,true,evaluable_complete_history_window,,114,114,114,114,114,113,0,0,18,18,0,13,5,24,18,0,0
2020,242,Rice,true,roster_present_with_identifiable_ol,2009,2010,true,evaluable_complete_history_window,,114,114,114,114,114,112,0,0,16,16,0,10,6,13,16,0,0
2020,245,Texas A&M,true,roster_present_with_identifiable_ol,2009,2010,true,evaluable_complete_history_window,,140,140,140,140,140,139,0,0,22,22,0,16,6,29,22,0,0
2020,248,Houston,true,roster_present_with_identifiable_ol,2009,2010,true,evaluable_complete_history_window,,120,120,120,120,120,116,0,0,20,20,0,11,9,23,20,0,0
2020,249,North Texas,true,roster_present_with_identifiable_ol,2009,2010,true,evaluable_complete_history_window,,115,115,115,115,115,114,0,0,18,18,0,10,8,16,18,0,0
2020,251,Texas,true,roster_present_with_identifiable_ol,2009,2010,true,evaluable_complete_history_window,,123,123,123,123,123,120,0,0,18,18,0,14,4,22,18,0,0
2020,252,BYU,true,roster_present_with_identifiable_ol,2009,2010,true,evaluable_complete_history_window,,129,129,129,129,129,128,0,0,17,17,0,12,5,24,17,0,0
2020,254,Utah,true,roster_present_with_identifiable_ol,2009,2010,true,evaluable_complete_history_window,,141,141,141,141,141,140,0,0,19,19,0,13,6,21,19,0,0
2020,258,Virginia,true,roster_present_with_identifiable_ol,2009,2010,true,evaluable_complete_history_window,,122,122,122,122,120,105,0,0,19,19,0,16,3,30,19,0,2
2020,259,Virginia Tech,true,roster_present_with_identifiable_ol,2009,2010,true,evaluable_complete_history_window,,132,132,132,132,132,131,0,0,19,19,0,13,6,28,19,0,0
2020,264,Washington,true,roster_present_with_identifiable_ol,2009,2010,true,evaluable_complete_history_window,,121,121,121,121,121,119,0,0,21,21,0,13,8,21,21,0,0
2020,265,Washington State,true,roster_present_with_identifiable_ol,2009,2010,true,evaluable_complete_history_window,,157,157,157,157,157,154,0,0,24,24,0,18,6,31,24,0,0
2020,275,Wisconsin,true,roster_present_with_identifiable_ol,2009,2010,true,evaluable_complete_history_window,,142,142,142,142,142,142,0,0,22,22,0,16,6,36,22,0,0
2020,276,Marshall,true,roster_present_with_identifiable_ol,2009,2010,true,evaluable_complete_history_window,,111,111,111,111,111,110,0,0,18,18,0,15,3,32,18,0,0
2020,277,West Virginia,true,roster_present_with_identifiable_ol,2009,2010,true,evaluable_complete_history_window,,118,118,118,118,118,112,0,0,19,19,0,14,5,21,19,0,0
2020,278,Fresno State,true,roster_present_with_identifiable_ol,2009,2010,true,evaluable_complete_history_window,,116,116,116,116,116,114,0,0,20,20,0,15,5,30,20,0,0
2020,290,Georgia Southern,true,roster_present_with_identifiable_ol,2009,2010,true,evaluable_complete_history_window,,132,132,132,132,132,127,0,0,19,19,0,12,7,23,19,0,0
2020,309,Louisiana,true,roster_present_with_identifiable_ol,2009,2010,true,evaluable_complete_history_window,,131,131,131,131,130,130,0,0,20,20,0,17,3,28,20,0,1
2020,324,Coastal Carolina,true,roster_present_with_identifiable_ol,2009,2010,true,evaluable_complete_history_window,,143,143,143,143,143,140,0,0,25,25,0,15,10,29,25,0,1
2020,326,Texas State,true,roster_present_with_identifiable_ol,2009,2010,true,evaluable_complete_history_window,,118,118,118,118,118,117,0,0,20,20,0,10,10,20,20,0,0
2020,328,Utah State,true,roster_present_with_identifiable_ol,2009,2010,true,evaluable_complete_history_window,,120,120,120,120,119,115,0,0,20,20,0,14,6,21,20,0,1
2020,333,Alabama,true,roster_present_with_identifiable_ol,2009,2010,true,evaluable_complete_history_window,,135,135,135,135,135,135,0,0,19,19,0,14,5,24,19,0,0
2020,344,Mississippi State,true,roster_present_with_identifiable_ol,2009,2010,true,evaluable_complete_history_window,,121,121,121,121,121,121,0,0,19,19,0,12,7,22,19,0,0
2020,349,Army,true,roster_present_with_identifiable_ol,2009,2010,true,evaluable_complete_history_window,,170,170,170,170,170,170,0,0,31,31,0,21,10,36,31,0,0
2020,356,Illinois,true,roster_present_with_identifiable_ol,2009,2010,true,evaluable_complete_history_window,,113,113,113,113,113,111,0,0,19,19,0,11,8,25,19,0,0
2020,2005,Air Force,true,roster_present_with_identifiable_ol,2009,2010,true,evaluable_complete_history_window,,87,87,87,87,84,83,0,0,15,15,0,8,7,21,15,0,3
2020,2006,Akron,true,roster_present_with_identifiable_ol,2009,2010,true,evaluable_complete_history_window,,139,139,139,139,139,136,0,0,17,17,0,12,5,19,17,0,0
2020,2026,App State,true,roster_present_with_identifiable_ol,2009,2010,true,evaluable_complete_history_window,,121,121,121,121,121,119,0,0,17,17,0,12,5,22,17,0,0
2020,2032,Arkansas State,true,roster_present_with_identifiable_ol,2009,2010,true,evaluable_complete_history_window,,105,105,105,105,105,105,0,0,16,16,0,11,5,24,16,0,0
2020,2050,Ball State,true,roster_present_with_identifiable_ol,2009,2010,true,evaluable_complete_history_window,,118,118,118,118,118,116,0,0,18,18,0,13,5,26,18,0,0
2020,2084,Buffalo,true,roster_present_with_identifiable_ol,2009,2010,true,evaluable_complete_history_window,,147,147,147,147,147,147,0,0,28,28,0,19,9,51,28,0,0
2020,2116,UCF,true,roster_present_with_identifiable_ol,2009,2010,true,evaluable_complete_history_window,,122,122,122,122,122,119,0,0,20,20,0,16,4,28,20,0,0
2020,2117,Central Michigan,true,roster_present_with_identifiable_ol,2009,2010,true,evaluable_complete_history_window,,130,130,130,130,130,129,0,0,23,23,0,21,2,44,23,0,0
2020,2132,Cincinnati,true,roster_present_with_identifiable_ol,2009,2010,true,evaluable_complete_history_window,,131,131,131,131,129,128,0,0,22,22,0,13,9,19,22,0,2
2020,2199,Eastern Michigan,true,roster_present_with_identifiable_ol,2009,2010,true,evaluable_complete_history_window,,124,124,124,124,123,123,0,0,20,20,0,13,7,21,20,0,1
2020,2226,Florida Atlantic,true,roster_present_with_identifiable_ol,2009,2010,true,evaluable_complete_history_window,,120,120,120,120,120,119,0,0,20,20,0,12,8,22,20,0,0
2020,2229,Florida International,true,roster_present_with_identifiable_ol,2009,2010,true,evaluable_complete_history_window,,105,105,105,105,105,103,0,0,19,19,0,11,8,24,19,0,0
2020,2247,Georgia State,true,roster_present_with_identifiable_ol,2009,2010,true,evaluable_complete_history_window,,108,108,108,108,107,104,0,0,17,17,0,11,6,19,17,0,1
2020,2294,Iowa,true,roster_present_with_identifiable_ol,2009,2010,true,evaluable_complete_history_window,,134,134,134,134,134,133,0,0,23,23,0,16,7,23,23,0,0
2020,2305,Kansas,true,roster_present_with_identifiable_ol,2009,2010,true,evaluable_complete_history_window,,122,122,122,122,121,117,0,0,20,20,0,12,8,29,20,0,1
2020,2306,Kansas State,true,roster_present_with_identifiable_ol,2009,2010,true,evaluable_complete_history_window,,140,140,140,140,139,137,0,0,22,22,0,15,7,24,22,0,1
2020,2309,Kent State,true,roster_present_with_identifiable_ol,2009,2010,true,evaluable_complete_history_window,,105,105,105,105,105,103,0,0,20,20,0,16,4,31,20,0,0
2020,2335,Liberty,true,roster_present_with_identifiable_ol,2009,2010,true,evaluable_complete_history_window,,115,115,115,115,115,112,0,0,18,18,0,12,6,22,18,0,0
2020,2348,Louisiana Tech,true,roster_present_with_identifiable_ol,2009,2010,true,evaluable_complete_history_window,,111,111,111,111,111,106,0,0,21,21,0,14,7,24,21,0,0
2020,2390,Miami,true,roster_present_with_identifiable_ol,2009,2010,true,evaluable_complete_history_window,,110,110,110,110,110,108,0,0,18,18,0,13,5,21,18,0,0
2020,2393,Middle Tennessee,true,roster_present_with_identifiable_ol,2009,2010,true,evaluable_complete_history_window,,119,119,119,119,118,114,0,0,21,21,0,15,6,24,21,0,1
2020,2426,Navy,true,roster_present_with_identifiable_ol,2009,2010,true,evaluable_complete_history_window,,166,166,166,166,166,162,0,0,29,29,0,20,9,37,29,0,0
2020,2429,Charlotte,true,roster_present_with_identifiable_ol,2009,2010,true,evaluable_complete_history_window,,135,135,135,135,135,132,0,0,19,19,0,10,9,20,19,0,0
2020,2433,UL Monroe,true,roster_present_with_identifiable_ol,2009,2010,true,evaluable_complete_history_window,,115,115,115,115,114,113,0,0,17,17,0,10,7,18,17,0,1
2020,2439,UNLV,true,roster_present_with_identifiable_ol,2009,2010,true,evaluable_complete_history_window,,144,144,144,144,144,142,0,0,24,24,0,18,6,41,24,0,0
2020,2440,Nevada,true,roster_present_with_identifiable_ol,2009,2010,true,evaluable_complete_history_window,,120,120,120,120,120,117,0,0,19,19,0,14,5,29,19,0,0
2020,2459,Northern Illinois,true,roster_present_with_identifiable_ol,2009,2010,true,evaluable_complete_history_window,,121,121,121,121,121,119,0,0,17,17,0,8,9,13,17,0,0
2020,2483,Oregon,true,roster_present_with_identifiable_ol,2009,2010,true,evaluable_complete_history_window,,120,120,120,120,120,116,0,0,18,18,0,12,6,24,18,0,0
2020,2509,Purdue,true,roster_present_with_identifiable_ol,2009,2010,true,evaluable_complete_history_window,,145,145,145,145,145,143,0,0,25,25,0,18,7,34,25,0,0
2020,2567,SMU,true,roster_present_with_identifiable_ol,2009,2010,true,evaluable_complete_history_window,,147,147,147,147,147,144,0,0,22,22,0,10,12,18,22,0,0
2020,2572,Southern Miss,true,roster_present_with_identifiable_ol,2009,2010,true,evaluable_complete_history_window,,107,107,107,107,107,105,0,0,16,16,0,14,2,28,16,0,0
2020,2579,South Carolina,true,roster_present_with_identifiable_ol,2009,2010,true,evaluable_complete_history_window,,121,121,121,121,121,119,0,0,20,20,0,13,7,18,20,0,1
2020,2628,TCU,true,roster_present_with_identifiable_ol,2009,2010,true,evaluable_complete_history_window,,136,136,136,136,136,133,0,0,21,21,0,13,8,25,21,0,0
2020,2633,Tennessee,true,roster_present_with_identifiable_ol,2009,2010,true,evaluable_complete_history_window,,141,141,141,141,141,135,0,0,25,25,0,18,7,32,25,0,0
2020,2636,UTSA,true,roster_present_with_identifiable_ol,2009,2010,true,evaluable_complete_history_window,,118,118,118,118,118,116,0,0,21,21,0,13,8,30,21,0,0
2020,2638,UTEP,true,roster_present_with_identifiable_ol,2009,2010,true,evaluable_complete_history_window,,127,127,127,127,127,127,0,0,20,20,0,13,7,19,20,0,0
2020,2641,Texas Tech,true,roster_present_with_identifiable_ol,2009,2010,true,evaluable_complete_history_window,,137,137,137,137,137,133,0,0,22,22,0,15,7,27,22,0,0
2020,2649,Toledo,true,roster_present_with_identifiable_ol,2009,2010,true,evaluable_complete_history_window,,117,117,117,117,117,114,0,0,20,20,0,14,6,25,20,0,0
2020,2653,Troy,true,roster_present_with_identifiable_ol,2009,2010,true,evaluable_complete_history_window,,121,121,121,121,121,119,0,0,21,21,0,12,9,21,21,0,0
2020,2655,Tulane,true,roster_present_with_identifiable_ol,2009,2010,true,evaluable_complete_history_window,,107,107,107,107,107,106,0,0,18,18,0,11,7,21,18,0,0
2020,2711,Western Michigan,true,roster_present_with_identifiable_ol,2009,2010,true,evaluable_complete_history_window,,109,109,109,109,109,106,0,0,20,20,0,16,4,35,20,0,0
2020,2751,Wyoming,true,roster_present_with_identifiable_ol,2009,2010,true,evaluable_complete_history_window,,131,131,131,131,130,128,0,0,22,22,0,16,6,27,22,0,2
2021,2,Auburn,true,roster_present_with_identifiable_ol,2009,2010,true,evaluable_complete_history_window,,107,107,107,107,107,106,0,0,17,17,0,16,1,33,17,0,0
2021,5,UAB,true,roster_present_with_identifiable_ol,2009,2010,true,evaluable_complete_history_window,,135,135,135,135,134,132,0,0,23,23,0,15,8,34,23,0,1
2021,6,South Alabama,true,roster_present_with_identifiable_ol,2009,2010,true,evaluable_complete_history_window,,120,120,120,120,120,118,0,0,17,17,0,16,1,28,17,0,0
2021,8,Arkansas,true,roster_present_with_identifiable_ol,2009,2010,true,evaluable_complete_history_window,,124,124,124,124,122,122,0,0,20,20,0,15,5,34,20,0,2
2021,9,Arizona State,true,roster_present_with_identifiable_ol,2009,2010,true,evaluable_complete_history_window,,114,114,114,114,113,112,0,0,22,22,0,16,6,29,22,0,1
2021,12,Arizona,true,roster_present_with_identifiable_ol,2009,2010,true,evaluable_complete_history_window,,113,113,113,113,112,112,0,0,18,18,0,16,2,30,18,0,1
2021,21,San Diego State,true,roster_present_with_identifiable_ol,2009,2010,true,evaluable_complete_history_window,,98,98,98,98,98,97,0,0,15,15,0,14,1,33,15,0,0
2021,23,San José State,true,roster_present_with_identifiable_ol,2009,2010,true,evaluable_complete_history_window,,112,112,112,112,110,109,0,0,19,19,0,13,6,35,19,0,2
2021,24,Stanford,true,roster_present_with_identifiable_ol,2009,2010,true,evaluable_complete_history_window,,108,108,108,108,108,105,0,0,16,16,0,12,4,17,16,0,0
2021,25,California,true,roster_present_with_identifiable_ol,2009,2010,true,evaluable_complete_history_window,,118,118,118,118,117,117,0,0,18,18,0,14,4,29,18,0,1
2021,26,UCLA,true,roster_present_with_identifiable_ol,2009,2010,true,evaluable_complete_history_window,,129,129,129,129,129,128,0,0,22,22,0,17,5,32,22,0,0
2021,30,USC,true,roster_present_with_identifiable_ol,2009,2010,true,evaluable_complete_history_window,,130,130,130,130,130,130,0,0,22,22,0,19,3,41,22,0,0
2021,36,Colorado State,true,roster_present_with_identifiable_ol,2009,2010,true,evaluable_complete_history_window,,103,103,103,103,102,101,0,0,16,16,0,15,1,26,16,0,1
2021,38,Colorado,true,roster_present_with_identifiable_ol,2009,2010,true,evaluable_complete_history_window,,104,104,104,104,104,102,0,0,17,17,0,13,4,30,17,0,0
2021,41,UConn,true,roster_present_with_identifiable_ol,2009,2010,true,evaluable_complete_history_window,,111,111,111,111,111,111,0,0,16,16,0,7,9,11,16,0,0
2021,52,Florida State,true,roster_present_with_identifiable_ol,2009,2010,true,evaluable_complete_history_window,,120,120,120,120,120,114,0,0,21,21,0,16,5,27,21,0,0
2021,57,Florida,true,roster_present_with_identifiable_ol,2009,2010,true,evaluable_complete_history_window,,125,125,125,125,125,123,0,0,16,16,0,12,4,21,16,0,0
2021,58,South Florida,true,roster_present_with_identifiable_ol,2009,2010,true,evaluable_complete_history_window,,113,113,113,113,111,109,0,0,17,17,0,16,1,33,17,0,2
2021,59,Georgia Tech,true,roster_present_with_identifiable_ol,2009,2010,true,evaluable_complete_history_window,,133,133,133,133,133,129,0,0,21,21,0,16,5,28,21,0,0
2021,61,Georgia,true,roster_present_with_identifiable_ol,2009,2010,true,evaluable_complete_history_window,,121,121,121,121,121,119,0,0,23,23,0,19,4,30,23,0,0
2021,62,Hawai'i,true,roster_present_with_identifiable_ol,2009,2010,true,evaluable_complete_history_window,,118,118,118,118,117,115,0,0,17,17,0,13,4,36,17,0,1
2021,66,Iowa State,true,roster_present_with_identifiable_ol,2009,2010,true,evaluable_complete_history_window,,133,133,133,133,133,131,0,0,25,25,0,21,4,39,25,0,0
2021,68,Boise State,true,roster_present_with_identifiable_ol,2009,2010,true,evaluable_complete_history_window,,92,92,92,92,92,91,0,0,14,14,0,14,0,28,14,0,0
2021,77,Northwestern,true,roster_present_with_identifiable_ol,2009,2010,true,evaluable_complete_history_window,,117,117,117,117,115,115,0,0,18,18,0,14,4,26,18,0,2
2021,84,Indiana,true,roster_present_with_identifiable_ol,2009,2010,true,evaluable_complete_history_window,,125,125,125,125,124,122,0,0,24,24,0,20,4,34,24,0,1
2021,87,Notre Dame,true,roster_present_with_identifiable_ol,2009,2010,true,evaluable_complete_history_window,,103,103,103,103,103,100,0,0,16,16,0,12,4,26,16,0,0
2021,96,Kentucky,true,roster_present_with_identifiable_ol,2009,2010,true,evaluable_complete_history_window,,127,127,127,127,125,122,0,0,19,19,0,13,6,28,19,0,2
2021,97,Louisville,true,roster_present_with_identifiable_ol,2009,2010,true,evaluable_complete_history_window,,111,111,111,111,110,108,0,0,16,16,0,13,3,25,16,0,1
2021,98,Western Kentucky,true,roster_present_with_identifiable_ol,2009,2010,true,evaluable_complete_history_window,,108,108,108,108,105,101,0,0,14,14,0,12,2,21,14,0,3
2021,99,LSU,true,roster_present_with_identifiable_ol,2009,2010,true,evaluable_complete_history_window,,109,109,109,109,109,105,0,0,16,16,0,14,2,27,16,0,0
2021,103,Boston College,true,roster_present_with_identifiable_ol,2009,2010,true,evaluable_complete_history_window,,120,120,120,120,116,115,0,0,19,19,0,15,4,30,19,0,4
2021,113,Massachusetts,true,roster_present_with_identifiable_ol,2009,2010,true,evaluable_complete_history_window,,90,90,90,90,85,83,0,0,13,13,0,12,1,18,13,0,5
2021,120,Maryland,true,roster_present_with_identifiable_ol,2009,2010,true,evaluable_complete_history_window,,129,129,129,129,128,126,0,0,19,19,0,15,4,22,19,0,1
2021,127,Michigan State,true,roster_present_with_identifiable_ol,2009,2010,true,evaluable_complete_history_window,,116,116,116,116,116,116,0,0,19,19,0,15,4,40,19,0,0
2021,130,Michigan,true,roster_present_with_identifiable_ol,2009,2010,true,evaluable_complete_history_window,,120,120,120,120,120,119,0,0,21,21,0,17,4,40,21,0,0
2021,135,Minnesota,true,roster_present_with_identifiable_ol,2009,2010,true,evaluable_complete_history_window,,119,119,119,119,119,116,0,0,20,20,0,15,5,36,20,0,0
2021,142,Missouri,true,roster_present_with_identifiable_ol,2009,2010,true,evaluable_complete_history_window,,124,124,124,124,124,122,0,0,20,20,0,14,6,26,20,0,0
2021,145,Ole Miss,true,roster_present_with_identifiable_ol,2009,2010,true,evaluable_complete_history_window,,135,135,135,135,135,132,0,0,19,19,0,13,6,25,19,0,0
2021,150,Duke,true,roster_present_with_identifiable_ol,2009,2010,true,evaluable_complete_history_window,,107,107,107,107,105,105,0,0,14,14,0,13,1,27,14,0,2
2021,151,East Carolina,true,roster_present_with_identifiable_ol,2009,2010,true,evaluable_complete_history_window,,136,136,136,136,136,134,0,0,23,23,0,18,5,36,23,0,0
2021,152,NC State,true,roster_present_with_identifiable_ol,2009,2010,true,evaluable_complete_history_window,,134,134,134,134,133,131,0,0,20,20,0,15,5,33,20,0,1
2021,153,North Carolina,true,roster_present_with_identifiable_ol,2009,2010,true,evaluable_complete_history_window,,116,116,116,116,115,114,0,0,21,21,0,18,3,34,21,0,1
2021,154,Wake Forest,true,roster_present_with_identifiable_ol,2009,2010,true,evaluable_complete_history_window,,133,133,133,133,132,129,0,0,22,22,0,17,5,35,22,0,1
2021,158,Nebraska,true,roster_present_with_identifiable_ol,2009,2010,true,evaluable_complete_history_window,,171,171,171,171,170,165,0,0,25,25,0,18,7,36,25,0,1
2021,164,Rutgers,true,roster_present_with_identifiable_ol,2009,2010,true,evaluable_complete_history_window,,126,126,126,126,126,124,0,0,19,19,0,16,3,29,19,0,0
2021,166,New Mexico State,true,roster_present_with_identifiable_ol,2009,2010,true,evaluable_complete_history_window,,99,99,99,99,99,97,0,0,14,14,0,6,8,14,14,0,0
2021,167,New Mexico,true,roster_present_with_identifiable_ol,2009,2010,true,evaluable_complete_history_window,,114,114,114,114,106,103,0,0,12,12,0,12,0,24,12,0,8
2021,183,Syracuse,true,roster_present_with_identifiable_ol,2009,2010,true,evaluable_complete_history_window,,96,96,96,96,96,93,0,0,14,14,0,14,0,30,14,0,0
2021,189,Bowling Green,true,roster_present_with_identifiable_ol,2009,2010,true,evaluable_complete_history_window,,108,108,108,108,108,103,0,0,19,19,0,15,4,22,19,0,0
2021,193,Miami (OH),true,roster_present_with_identifiable_ol,2009,2010,true,evaluable_complete_history_window,,115,115,115,115,112,109,0,0,17,17,0,13,4,24,17,0,3
2021,194,Ohio State,true,roster_present_with_identifiable_ol,2009,2010,true,evaluable_complete_history_window,,131,131,131,131,131,127,0,0,24,24,0,17,7,31,24,0,0
2021,195,Ohio,true,roster_present_with_identifiable_ol,2009,2010,true,evaluable_complete_history_window,,100,100,100,100,99,97,0,0,19,19,0,19,0,41,19,0,1
2021,197,Oklahoma State,true,roster_present_with_identifiable_ol,2009,2010,true,evaluable_complete_history_window,,113,113,113,113,113,110,0,0,14,14,0,13,1,21,14,0,0
2021,201,Oklahoma,true,roster_present_with_identifiable_ol,2009,2010,true,evaluable_complete_history_window,,117,117,117,117,117,115,0,0,18,18,0,15,3,33,18,0,0
2021,202,Tulsa,true,roster_present_with_identifiable_ol,2009,2010,true,evaluable_complete_history_window,,100,100,100,100,99,97,0,0,14,14,0,13,1,29,14,0,1
2021,204,Oregon State,true,roster_present_with_identifiable_ol,2009,2010,true,evaluable_complete_history_window,,120,120,120,120,120,118,0,0,22,22,0,22,0,49,22,0,0
2021,213,Penn State,true,roster_present_with_identifiable_ol,2009,2010,true,evaluable_complete_history_window,,110,110,110,110,110,109,0,0,17,17,0,16,1,31,17,0,0
2021,218,Temple,true,roster_present_with_identifiable_ol,2009,2010,true,evaluable_complete_history_window,,109,109,109,109,107,105,0,0,13,13,0,12,1,22,13,0,2
2021,221,Pittsburgh,true,roster_present_with_identifiable_ol,2009,2010,true,evaluable_complete_history_window,,111,111,111,111,109,107,0,0,16,16,0,12,4,22,16,0,2
2021,228,Clemson,true,roster_present_with_identifiable_ol,2009,2010,true,evaluable_complete_history_window,,137,137,137,137,137,136,0,0,21,21,0,16,5,28,21,0,0
2021,235,Memphis,true,roster_present_with_identifiable_ol,2009,2010,true,evaluable_complete_history_window,,101,101,101,101,101,99,0,0,16,16,0,14,2,28,16,0,0
2021,238,Vanderbilt,true,roster_present_with_identifiable_ol,2009,2010,true,evaluable_complete_history_window,,108,108,108,108,108,96,0,0,18,18,0,13,5,28,18,0,0
2021,239,Baylor,true,roster_present_with_identifiable_ol,2009,2010,true,evaluable_complete_history_window,,105,105,105,105,105,104,0,0,15,15,0,12,3,28,15,0,0
2021,242,Rice,true,roster_present_with_identifiable_ol,2009,2010,true,evaluable_complete_history_window,,124,124,124,124,124,122,0,0,19,19,0,16,3,29,19,0,0
2021,245,Texas A&M,true,roster_present_with_identifiable_ol,2009,2010,true,evaluable_complete_history_window,,120,120,120,120,120,119,0,0,14,14,0,13,1,23,14,0,0
2021,248,Houston,true,roster_present_with_identifiable_ol,2009,2010,true,evaluable_complete_history_window,,116,116,116,116,116,113,0,0,20,20,0,16,4,29,20,0,0
2021,249,North Texas,true,roster_present_with_identifiable_ol,2009,2010,true,evaluable_complete_history_window,,109,109,109,109,104,101,0,0,14,14,0,11,3,21,14,0,5
2021,251,Texas,true,roster_present_with_identifiable_ol,2009,2010,true,evaluable_complete_history_window,,107,107,107,107,107,105,0,0,15,15,0,14,1,30,15,0,0
2021,252,BYU,true,roster_present_with_identifiable_ol,2009,2010,true,evaluable_complete_history_window,,125,125,125,125,124,122,0,0,16,16,0,12,4,24,16,0,1
2021,254,Utah,true,roster_present_with_identifiable_ol,2009,2010,true,evaluable_complete_history_window,,126,126,126,126,126,125,0,0,20,20,0,17,3,32,20,0,0
2021,258,Virginia,true,roster_present_with_identifiable_ol,2009,2010,true,evaluable_complete_history_window,,125,125,125,125,125,114,0,0,19,19,0,19,0,49,19,0,0
2021,259,Virginia Tech,true,roster_present_with_identifiable_ol,2009,2010,true,evaluable_complete_history_window,,127,127,127,127,126,125,0,0,17,17,0,12,5,23,17,0,1
2021,264,Washington,true,roster_present_with_identifiable_ol,2009,2010,true,evaluable_complete_history_window,,120,120,120,120,120,118,0,0,20,20,0,17,3,36,20,0,0
2021,265,Washington State,true,roster_present_with_identifiable_ol,2009,2010,true,evaluable_complete_history_window,,133,133,133,133,130,128,0,0,20,20,0,17,3,36,20,0,3
2021,275,Wisconsin,true,roster_present_with_identifiable_ol,2009,2010,true,evaluable_complete_history_window,,113,113,113,113,113,112,0,0,16,16,0,15,1,30,16,0,0
2021,276,Marshall,true,roster_present_with_identifiable_ol,2009,2010,true,evaluable_complete_history_window,,103,103,103,103,101,100,0,0,16,16,0,15,1,40,16,0,2
2021,277,West Virginia,true,roster_present_with_identifiable_ol,2009,2010,true,evaluable_complete_history_window,,100,100,100,100,100,97,0,0,18,18,0,12,6,21,18,0,0
2021,278,Fresno State,true,roster_present_with_identifiable_ol,2009,2010,true,evaluable_complete_history_window,,101,101,101,101,101,98,0,0,14,14,0,13,1,31,14,0,0
2021,290,Georgia Southern,true,roster_present_with_identifiable_ol,2009,2010,true,evaluable_complete_history_window,,128,128,128,128,128,125,0,0,19,19,0,16,3,31,19,0,0
2021,295,Old Dominion,true,roster_present_with_identifiable_ol,2009,2010,true,evaluable_complete_history_window,,109,109,109,109,107,106,0,0,14,14,0,7,7,9,14,0,2
2021,309,Louisiana,true,roster_present_with_identifiable_ol,2009,2010,true,evaluable_complete_history_window,,135,135,135,135,135,135,0,0,20,20,0,14,6,35,20,0,0
2021,324,Coastal Carolina,true,roster_present_with_identifiable_ol,2009,2010,true,evaluable_complete_history_window,,129,129,129,129,129,126,0,0,22,22,0,15,7,32,22,0,0
2021,326,Texas State,true,roster_present_with_identifiable_ol,2009,2010,true,evaluable_complete_history_window,,95,95,95,95,94,92,0,0,13,13,0,13,0,24,13,0,1
2021,328,Utah State,true,roster_present_with_identifiable_ol,2009,2010,true,evaluable_complete_history_window,,105,105,105,105,105,102,0,0,12,12,0,10,2,21,12,0,0
2021,333,Alabama,true,roster_present_with_identifiable_ol,2009,2010,true,evaluable_complete_history_window,,125,125,125,125,125,125,0,0,18,18,0,14,4,28,18,0,0
2021,344,Mississippi State,true,roster_present_with_identifiable_ol,2009,2010,true,evaluable_complete_history_window,,92,92,92,92,92,90,0,0,18,18,0,13,5,22,18,0,0
2021,349,Army,true,roster_present_with_identifiable_ol,2009,2010,true,evaluable_complete_history_window,,115,115,115,115,112,112,0,0,20,20,0,20,0,36,20,0,3
2021,356,Illinois,true,roster_present_with_identifiable_ol,2009,2010,true,evaluable_complete_history_window,,116,116,116,116,116,113,0,0,15,15,0,11,4,31,15,0,0
2021,2005,Air Force,true,roster_present_with_identifiable_ol,2009,2010,true,evaluable_complete_history_window,,103,103,103,103,102,102,0,0,17,17,0,7,10,10,17,0,1
2021,2006,Akron,true,roster_present_with_identifiable_ol,2009,2010,true,evaluable_complete_history_window,,120,120,120,120,113,110,0,0,14,14,0,14,0,26,14,0,7
2021,2026,App State,true,roster_present_with_identifiable_ol,2009,2010,true,evaluable_complete_history_window,,110,110,110,110,110,108,0,0,16,16,0,14,2,27,16,0,1
2021,2032,Arkansas State,true,roster_present_with_identifiable_ol,2009,2010,true,evaluable_complete_history_window,,120,120,120,120,119,116,0,0,16,16,0,13,3,33,16,0,1
2021,2050,Ball State,true,roster_present_with_identifiable_ol,2009,2010,true,evaluable_complete_history_window,,104,104,104,104,103,100,0,0,16,16,0,15,1,35,16,0,1
2021,2084,Buffalo,true,roster_present_with_identifiable_ol,2009,2010,true,evaluable_complete_history_window,,121,121,121,121,120,118,0,0,22,22,0,13,9,27,22,0,1
2021,2116,UCF,true,roster_present_with_identifiable_ol,2009,2010,true,evaluable_complete_history_window,,109,109,109,109,109,105,0,0,16,16,0,16,0,36,16,0,0
2021,2117,Central Michigan,true,roster_present_with_identifiable_ol,2009,2010,true,evaluable_complete_history_window,,113,113,113,113,112,110,0,0,15,15,0,11,4,26,15,0,1
2021,2132,Cincinnati,true,roster_present_with_identifiable_ol,2009,2010,true,evaluable_complete_history_window,,135,135,135,135,135,131,0,0,23,23,0,18,5,30,23,0,0
2021,2199,Eastern Michigan,true,roster_present_with_identifiable_ol,2009,2010,true,evaluable_complete_history_window,,124,124,124,124,124,119,0,0,20,20,0,16,4,35,20,0,0
2021,2226,Florida Atlantic,true,roster_present_with_identifiable_ol,2009,2010,true,evaluable_complete_history_window,,116,116,116,116,116,112,0,0,18,18,0,16,2,30,18,0,0
2021,2229,Florida International,true,roster_present_with_identifiable_ol,2009,2010,true,evaluable_complete_history_window,,110,110,110,110,107,103,0,0,14,14,0,11,3,18,14,0,3
2021,2247,Georgia State,true,roster_present_with_identifiable_ol,2009,2010,true,evaluable_complete_history_window,,109,109,109,109,109,106,0,0,18,18,0,15,3,31,18,0,0
2021,2294,Iowa,true,roster_present_with_identifiable_ol,2009,2010,true,evaluable_complete_history_window,,122,122,122,122,122,122,0,0,22,22,0,17,5,29,22,0,0
2021,2305,Kansas,true,roster_present_with_identifiable_ol,2009,2010,true,evaluable_complete_history_window,,124,124,124,124,123,119,0,0,23,23,0,15,8,33,23,0,1
2021,2306,Kansas State,true,roster_present_with_identifiable_ol,2009,2010,true,evaluable_complete_history_window,,132,132,132,132,131,127,0,0,25,25,0,19,6,37,25,0,1
2021,2309,Kent State,true,roster_present_with_identifiable_ol,2009,2010,true,evaluable_complete_history_window,,110,110,110,110,109,106,0,0,15,15,0,13,2,33,15,0,1
2021,2335,Liberty,true,roster_present_with_identifiable_ol,2009,2010,true,evaluable_complete_history_window,,122,122,122,122,122,119,0,0,20,20,0,15,5,31,20,0,0
2021,2348,Louisiana Tech,true,roster_present_with_identifiable_ol,2009,2010,true,evaluable_complete_history_window,,100,100,100,100,98,88,0,0,15,15,0,11,4,19,15,0,2
2021,2390,Miami,true,roster_present_with_identifiable_ol,2009,2010,true,evaluable_complete_history_window,,125,125,125,125,123,120,0,0,21,21,0,16,5,35,21,0,2
2021,2393,Middle Tennessee,true,roster_present_with_identifiable_ol,2009,2010,true,evaluable_complete_history_window,,108,108,108,108,106,104,0,0,16,16,0,12,4,19,16,0,2
2021,2426,Navy,true,roster_present_with_identifiable_ol,2009,2010,true,evaluable_complete_history_window,,120,120,120,120,119,116,0,0,19,19,0,19,0,34,19,0,1
2021,2429,Charlotte,true,roster_present_with_identifiable_ol,2009,2010,true,evaluable_complete_history_window,,143,143,143,143,140,137,0,0,16,16,0,15,1,28,16,0,3
2021,2433,UL Monroe,true,roster_present_with_identifiable_ol,2009,2010,true,evaluable_complete_history_window,,120,120,120,120,116,115,0,0,15,15,0,14,1,22,15,0,4
2021,2439,UNLV,true,roster_present_with_identifiable_ol,2009,2010,true,evaluable_complete_history_window,,113,113,113,113,112,111,0,0,17,17,0,9,8,14,17,0,1
2021,2440,Nevada,true,roster_present_with_identifiable_ol,2009,2010,true,evaluable_complete_history_window,,102,102,102,102,101,99,0,0,13,13,0,13,0,29,13,0,1
2021,2459,Northern Illinois,true,roster_present_with_identifiable_ol,2009,2010,true,evaluable_complete_history_window,,128,128,128,128,128,126,0,0,19,19,0,13,6,21,19,0,0
2021,2483,Oregon,true,roster_present_with_identifiable_ol,2009,2010,true,evaluable_complete_history_window,,122,122,122,122,122,120,0,0,20,20,0,14,6,31,20,0,0
2021,2509,Purdue,true,roster_present_with_identifiable_ol,2009,2010,true,evaluable_complete_history_window,,108,108,108,108,108,107,0,0,14,14,0,13,1,21,14,0,0
2021,2567,SMU,true,roster_present_with_identifiable_ol,2009,2010,true,evaluable_complete_history_window,,131,131,131,131,125,116,0,0,21,21,0,19,2,35,21,0,6
2021,2572,Southern Miss,true,roster_present_with_identifiable_ol,2009,2010,true,evaluable_complete_history_window,,119,119,119,119,116,114,0,0,15,15,0,13,2,36,15,0,3
2021,2579,South Carolina,true,roster_present_with_identifiable_ol,2009,2010,true,evaluable_complete_history_window,,107,107,107,107,106,101,0,0,16,16,0,15,1,28,16,0,1
2021,2628,TCU,true,roster_present_with_identifiable_ol,2009,2010,true,evaluable_complete_history_window,,107,107,107,107,107,106,0,0,18,18,0,14,4,30,18,0,0
2021,2633,Tennessee,true,roster_present_with_identifiable_ol,2009,2010,true,evaluable_complete_history_window,,123,123,123,123,122,119,0,0,18,18,0,15,3,29,18,0,1
2021,2636,UTSA,true,roster_present_with_identifiable_ol,2009,2010,true,evaluable_complete_history_window,,118,118,118,118,118,116,0,0,17,17,0,16,1,36,17,0,0
2021,2638,UTEP,true,roster_present_with_identifiable_ol,2009,2010,true,evaluable_complete_history_window,,124,124,124,124,124,123,0,0,20,20,0,18,2,36,20,0,0
2021,2641,Texas Tech,true,roster_present_with_identifiable_ol,2009,2010,true,evaluable_complete_history_window,,104,104,104,104,104,98,0,0,14,14,0,11,3,20,14,0,0
2021,2649,Toledo,true,roster_present_with_identifiable_ol,2009,2010,true,evaluable_complete_history_window,,109,109,109,109,109,106,0,0,19,19,0,18,1,39,19,0,0
2021,2653,Troy,true,roster_present_with_identifiable_ol,2009,2010,true,evaluable_complete_history_window,,110,110,110,110,108,107,0,0,18,18,0,17,1,33,18,0,2
2021,2655,Tulane,true,roster_present_with_identifiable_ol,2009,2010,true,evaluable_complete_history_window,,126,126,126,126,125,124,0,0,16,16,0,14,2,29,16,0,1
2021,2711,Western Michigan,true,roster_present_with_identifiable_ol,2009,2010,true,evaluable_complete_history_window,,97,97,97,97,97,94,0,0,16,16,0,15,1,38,16,0,0
2021,2751,Wyoming,true,roster_present_with_identifiable_ol,2009,2010,true,evaluable_complete_history_window,,112,112,112,112,112,110,0,0,21,21,0,18,3,39,21,0,0
2022,2,Auburn,true,roster_present_with_identifiable_ol,2009,2010,true,evaluable_complete_history_window,,115,115,115,115,115,114,0,0,17,17,0,12,5,33,17,0,0
2022,5,UAB,true,roster_present_with_identifiable_ol,2009,2010,true,evaluable_complete_history_window,,124,124,124,124,124,123,0,0,20,20,0,13,7,28,20,0,0
2022,6,South Alabama,true,roster_present_with_identifiable_ol,2009,2010,true,evaluable_complete_history_window,,115,115,115,115,115,113,0,0,21,21,0,6,15,19,21,0,0
2022,8,Arkansas,true,roster_present_with_identifiable_ol,2009,2010,true,evaluable_complete_history_window,,118,118,118,118,118,118,0,0,19,19,0,12,7,25,19,0,0
2022,9,Arizona State,true,roster_present_with_identifiable_ol,2009,2010,true,evaluable_complete_history_window,,112,112,112,112,112,111,0,0,17,17,0,8,9,16,17,0,0
2022,12,Arizona,true,roster_present_with_identifiable_ol,2009,2010,true,evaluable_complete_history_window,,110,110,110,110,110,110,0,0,15,15,0,9,6,22,15,0,0
2022,21,San Diego State,true,roster_present_with_identifiable_ol,2009,2010,true,evaluable_complete_history_window,,117,117,117,117,117,116,0,0,18,18,0,6,12,16,18,0,0
2022,23,San José State,true,roster_present_with_identifiable_ol,2009,2010,true,evaluable_complete_history_window,,106,106,106,106,106,105,0,0,17,17,0,9,8,17,17,0,0
2022,24,Stanford,true,roster_present_with_identifiable_ol,2009,2010,true,evaluable_complete_history_window,,109,109,109,109,109,108,0,0,19,19,0,15,4,30,19,0,0
2022,25,California,true,roster_present_with_identifiable_ol,2009,2010,true,evaluable_complete_history_window,,115,115,115,115,114,114,0,0,20,20,0,12,8,27,20,0,1
2022,26,UCLA,true,roster_present_with_identifiable_ol,2009,2010,true,evaluable_complete_history_window,,113,113,113,113,113,113,0,0,18,18,0,13,5,31,18,0,0
2022,30,USC,true,roster_present_with_identifiable_ol,2009,2010,true,evaluable_complete_history_window,,110,110,110,110,110,108,0,0,16,16,0,13,3,36,16,0,0
2022,36,Colorado State,true,roster_present_with_identifiable_ol,2009,2010,true,evaluable_complete_history_window,,111,111,111,111,111,111,0,0,20,20,0,6,14,13,20,0,0
2022,38,Colorado,true,roster_present_with_identifiable_ol,2009,2010,true,evaluable_complete_history_window,,119,119,119,119,117,115,0,0,17,17,0,9,8,20,17,0,2
2022,41,UConn,true,roster_present_with_identifiable_ol,2009,2010,true,evaluable_complete_history_window,,102,102,102,102,102,101,0,0,18,18,0,9,9,12,18,0,0
2022,52,Florida State,true,roster_present_with_identifiable_ol,2009,2010,true,evaluable_complete_history_window,,120,120,120,120,120,117,0,0,22,22,0,11,11,21,22,0,0
2022,57,Florida,true,roster_present_with_identifiable_ol,2009,2010,true,evaluable_complete_history_window,,122,122,122,122,122,121,0,0,21,21,0,13,8,28,21,0,0
2022,58,South Florida,true,roster_present_with_identifiable_ol,2009,2010,true,evaluable_complete_history_window,,120,120,120,120,119,117,0,0,15,15,0,9,6,25,15,0,1
2022,59,Georgia Tech,true,roster_present_with_identifiable_ol,2009,2010,true,evaluable_complete_history_window,,117,117,117,117,117,115,0,0,17,17,0,9,8,18,17,0,0
2022,61,Georgia,true,roster_present_with_identifiable_ol,2009,2010,true,evaluable_complete_history_window,,130,130,130,130,130,128,0,0,21,21,0,16,5,31,21,0,0
2022,62,Hawai'i,true,roster_present_with_identifiable_ol,2009,2010,true,evaluable_complete_history_window,,119,119,119,119,119,119,0,0,19,19,0,14,5,39,19,0,0
2022,66,Iowa State,true,roster_present_with_identifiable_ol,2009,2010,true,evaluable_complete_history_window,,128,128,128,128,128,127,0,0,24,24,0,16,8,35,24,0,0
2022,68,Boise State,true,roster_present_with_identifiable_ol,2009,2010,true,evaluable_complete_history_window,,106,106,106,106,106,105,0,0,19,19,0,7,12,21,19,0,0
2022,77,Northwestern,true,roster_present_with_identifiable_ol,2009,2010,true,evaluable_complete_history_window,,108,108,108,108,108,108,0,0,17,17,0,14,3,31,17,0,0
2022,84,Indiana,true,roster_present_with_identifiable_ol,2009,2010,true,evaluable_complete_history_window,,115,115,115,115,115,113,0,0,20,20,0,15,5,31,20,0,0
2022,87,Notre Dame,true,roster_present_with_identifiable_ol,2009,2010,true,evaluable_complete_history_window,,113,113,113,113,113,111,0,0,17,17,0,12,5,28,17,0,0
2022,96,Kentucky,true,roster_present_with_identifiable_ol,2009,2010,true,evaluable_complete_history_window,,117,117,117,117,117,116,0,0,17,17,0,12,5,22,17,0,0
2022,97,Louisville,true,roster_present_with_identifiable_ol,2009,2010,true,evaluable_complete_history_window,,118,118,118,118,118,114,0,0,17,17,0,13,4,31,17,0,0
2022,98,Western Kentucky,true,roster_present_with_identifiable_ol,2009,2010,true,evaluable_complete_history_window,,113,113,113,113,112,110,0,0,17,17,0,10,7,21,17,0,1
2022,99,LSU,true,roster_present_with_identifiable_ol,2009,2010,true,evaluable_complete_history_window,,114,114,114,114,114,113,0,0,18,18,0,9,9,20,18,0,0
2022,103,Boston College,true,roster_present_with_identifiable_ol,2009,2010,true,evaluable_complete_history_window,,108,108,108,108,108,108,0,0,17,17,0,13,4,27,17,0,0
2022,113,Massachusetts,true,roster_present_with_identifiable_ol,2009,2010,true,evaluable_complete_history_window,,107,107,107,107,107,104,0,0,18,18,0,8,10,17,18,0,0
2022,120,Maryland,true,roster_present_with_identifiable_ol,2009,2010,true,evaluable_complete_history_window,,118,118,118,118,118,117,0,0,22,22,0,16,6,34,22,0,0
2022,127,Michigan State,true,roster_present_with_identifiable_ol,2009,2010,true,evaluable_complete_history_window,,113,113,113,113,113,113,0,0,19,19,0,11,8,25,19,0,0
2022,130,Michigan,true,roster_present_with_identifiable_ol,2009,2010,true,evaluable_complete_history_window,,141,141,141,141,140,138,0,0,21,21,0,13,8,30,21,0,1
2022,135,Minnesota,true,roster_present_with_identifiable_ol,2009,2010,true,evaluable_complete_history_window,,109,109,109,109,109,108,0,0,19,19,0,13,6,29,19,0,0
2022,142,Missouri,true,roster_present_with_identifiable_ol,2009,2010,true,evaluable_complete_history_window,,123,123,123,123,123,122,0,0,26,26,0,16,10,36,26,0,0
2022,145,Ole Miss,true,roster_present_with_identifiable_ol,2009,2010,true,evaluable_complete_history_window,,132,132,132,132,132,130,0,0,21,21,0,14,7,29,21,0,0
2022,150,Duke,true,roster_present_with_identifiable_ol,2009,2010,true,evaluable_complete_history_window,,112,112,112,112,111,111,0,0,16,16,0,9,7,22,16,0,1
2022,151,East Carolina,true,roster_present_with_identifiable_ol,2009,2010,true,evaluable_complete_history_window,,120,120,120,120,120,118,0,0,20,20,0,11,9,29,20,0,0
2022,152,NC State,true,roster_present_with_identifiable_ol,2009,2010,true,evaluable_complete_history_window,,121,121,121,121,121,120,0,0,19,19,0,14,5,31,19,0,0
2022,153,North Carolina,true,roster_present_with_identifiable_ol,2009,2010,true,evaluable_complete_history_window,,118,118,118,118,117,116,0,0,19,19,0,12,7,27,19,0,1
2022,154,Wake Forest,true,roster_present_with_identifiable_ol,2009,2010,true,evaluable_complete_history_window,,121,121,121,121,121,121,0,0,20,20,0,16,4,40,20,0,0
2022,158,Nebraska,true,roster_present_with_identifiable_ol,2009,2010,true,evaluable_complete_history_window,,151,151,151,151,151,148,0,0,23,23,0,20,3,45,23,0,0
2022,164,Rutgers,true,roster_present_with_identifiable_ol,2009,2010,true,evaluable_complete_history_window,,130,130,130,130,130,128,0,0,25,25,0,9,16,18,25,0,0
2022,166,New Mexico State,true,roster_present_with_identifiable_ol,2009,2010,true,evaluable_complete_history_window,,129,129,129,129,127,126,0,0,20,20,0,7,13,12,20,0,2
2022,167,New Mexico,true,roster_present_with_identifiable_ol,2009,2010,true,evaluable_complete_history_window,,119,119,119,119,119,115,0,0,18,18,0,6,12,14,18,0,0
2022,183,Syracuse,true,roster_present_with_identifiable_ol,2009,2010,true,evaluable_complete_history_window,,108,108,108,108,108,107,0,0,18,18,0,9,9,25,18,0,0
2022,189,Bowling Green,true,roster_present_with_identifiable_ol,2009,2010,true,evaluable_complete_history_window,,108,108,108,108,108,102,0,0,17,17,0,8,9,14,17,0,0
2022,193,Miami (OH),true,roster_present_with_identifiable_ol,2009,2010,true,evaluable_complete_history_window,,116,116,116,116,116,114,0,0,17,17,0,10,7,21,17,0,0
2022,194,Ohio State,true,roster_present_with_identifiable_ol,2009,2010,true,evaluable_complete_history_window,,121,121,121,121,120,118,0,0,20,20,0,16,4,30,20,0,1
2022,195,Ohio,true,roster_present_with_identifiable_ol,2009,2010,true,evaluable_complete_history_window,,118,118,118,118,118,116,0,0,21,21,0,12,9,36,21,0,0
2022,197,Oklahoma State,true,roster_present_with_identifiable_ol,2009,2010,true,evaluable_complete_history_window,,129,129,129,129,129,127,0,0,21,21,0,8,13,22,21,0,0
2022,201,Oklahoma,true,roster_present_with_identifiable_ol,2009,2010,true,evaluable_complete_history_window,,120,120,120,120,119,117,0,0,18,18,0,11,7,23,18,0,1
2022,202,Tulsa,true,roster_present_with_identifiable_ol,2009,2010,true,evaluable_complete_history_window,,117,117,117,117,117,116,0,0,21,21,0,7,14,15,21,0,0
2022,204,Oregon State,true,roster_present_with_identifiable_ol,2009,2010,true,evaluable_complete_history_window,,121,121,121,121,121,118,0,0,24,24,0,12,12,31,24,0,0
2022,213,Penn State,true,roster_present_with_identifiable_ol,2009,2010,true,evaluable_complete_history_window,,122,122,122,122,122,120,0,0,20,20,0,10,10,23,20,0,0
2022,218,Temple,true,roster_present_with_identifiable_ol,2009,2010,true,evaluable_complete_history_window,,114,114,114,114,114,113,0,0,18,18,0,9,9,24,18,0,0
2022,221,Pittsburgh,true,roster_present_with_identifiable_ol,2009,2010,true,evaluable_complete_history_window,,116,116,116,116,116,115,0,0,20,20,0,14,6,34,20,0,0
2022,228,Clemson,true,roster_present_with_identifiable_ol,2009,2010,true,evaluable_complete_history_window,,135,135,135,135,135,134,0,0,21,21,0,15,6,29,21,0,0
2022,235,Memphis,true,roster_present_with_identifiable_ol,2009,2010,true,evaluable_complete_history_window,,115,115,115,115,115,115,0,0,18,18,0,10,8,25,18,0,0
2022,238,Vanderbilt,true,roster_present_with_identifiable_ol,2009,2010,true,evaluable_complete_history_window,,109,109,109,109,109,106,0,0,18,18,0,8,10,14,18,0,0
2022,239,Baylor,true,roster_present_with_identifiable_ol,2009,2010,true,evaluable_complete_history_window,,112,112,112,112,112,110,0,0,19,19,0,9,10,20,19,0,0
2022,242,Rice,true,roster_present_with_identifiable_ol,2009,2010,true,evaluable_complete_history_window,,108,108,108,108,108,107,0,0,18,18,0,10,8,22,18,0,0
2022,245,Texas A&M,true,roster_present_with_identifiable_ol,2009,2010,true,evaluable_complete_history_window,,130,130,130,130,130,129,0,0,22,22,0,4,18,10,22,0,0
2022,248,Houston,true,roster_present_with_identifiable_ol,2009,2010,true,evaluable_complete_history_window,,109,109,109,109,109,107,0,0,17,17,0,12,5,25,17,0,0
2022,249,North Texas,true,roster_present_with_identifiable_ol,2009,2010,true,evaluable_complete_history_window,,115,115,115,115,115,112,0,0,17,17,0,8,9,20,17,0,1
2022,251,Texas,true,roster_present_with_identifiable_ol,2009,2010,true,evaluable_complete_history_window,,124,124,124,124,124,122,0,0,19,19,0,9,10,21,19,0,0
2022,252,BYU,true,roster_present_with_identifiable_ol,2009,2010,true,evaluable_complete_history_window,,125,125,125,125,125,123,0,0,19,19,0,9,10,21,19,0,0
2022,254,Utah,true,roster_present_with_identifiable_ol,2009,2010,true,evaluable_complete_history_window,,117,117,117,117,117,117,0,0,18,18,0,14,4,31,18,0,0
2022,256,James Madison,true,roster_present_with_identifiable_ol,2009,2010,true,evaluable_complete_history_window,,111,111,111,111,111,110,0,0,17,17,0,0,17,0,17,0,0
2022,258,Virginia,true,roster_present_with_identifiable_ol,2009,2010,true,evaluable_complete_history_window,,123,123,123,123,123,122,0,0,23,23,0,6,17,15,23,0,0
2022,259,Virginia Tech,true,roster_present_with_identifiable_ol,2009,2010,true,evaluable_complete_history_window,,125,125,125,125,125,123,0,0,22,22,0,9,13,18,22,0,0
2022,264,Washington,true,roster_present_with_identifiable_ol,2009,2010,true,evaluable_complete_history_window,,117,117,117,117,117,116,0,0,17,17,0,16,1,41,17,0,0
2022,265,Washington State,true,roster_present_with_identifiable_ol,2009,2010,true,evaluable_complete_history_window,,121,121,121,121,121,120,0,0,18,18,0,9,9,19,18,0,0
2022,275,Wisconsin,true,roster_present_with_identifiable_ol,2009,2010,true,evaluable_complete_history_window,,120,120,120,120,120,119,0,0,18,18,0,11,7,26,18,0,0
2022,276,Marshall,true,roster_present_with_identifiable_ol,2009,2010,true,evaluable_complete_history_window,,124,124,124,124,124,122,0,0,23,23,0,7,16,22,23,0,0
2022,277,West Virginia,true,roster_present_with_identifiable_ol,2009,2010,true,evaluable_complete_history_window,,112,112,112,112,112,110,0,0,19,19,0,15,4,29,19,0,1
2022,278,Fresno State,true,roster_present_with_identifiable_ol,2009,2010,true,evaluable_complete_history_window,,108,108,108,108,108,106,0,0,17,17,0,9,8,22,17,0,0
2022,290,Georgia Southern,true,roster_present_with_identifiable_ol,2009,2010,true,evaluable_complete_history_window,,134,134,134,134,134,134,0,0,19,19,0,11,8,27,19,0,0
2022,295,Old Dominion,true,roster_present_with_identifiable_ol,2009,2010,true,evaluable_complete_history_window,,116,116,116,116,114,113,0,0,21,21,0,10,11,15,21,0,2
2022,309,Louisiana,true,roster_present_with_identifiable_ol,2009,2010,true,evaluable_complete_history_window,,138,138,138,138,138,137,0,0,21,21,0,10,11,26,21,0,0
2022,324,Coastal Carolina,true,roster_present_with_identifiable_ol,2009,2010,true,evaluable_complete_history_window,,120,120,120,120,120,117,0,0,20,20,0,14,6,27,20,0,0
2022,326,Texas State,true,roster_present_with_identifiable_ol,2009,2010,true,evaluable_complete_history_window,,116,116,116,116,114,111,0,0,17,17,0,8,9,19,17,0,2
2022,328,Utah State,true,roster_present_with_identifiable_ol,2009,2010,true,evaluable_complete_history_window,,106,106,106,106,106,104,0,0,19,19,0,9,10,25,19,0,0
2022,333,Alabama,true,roster_present_with_identifiable_ol,2009,2010,true,evaluable_complete_history_window,,136,136,136,136,136,136,0,0,20,20,0,13,7,30,20,0,0
2022,344,Mississippi State,true,roster_present_with_identifiable_ol,2009,2010,true,evaluable_complete_history_window,,114,114,114,114,114,112,0,0,21,21,0,9,12,22,21,0,0
2022,349,Army,true,roster_present_with_identifiable_ol,2009,2010,true,evaluable_complete_history_window,,164,164,164,164,164,164,0,0,27,27,0,10,17,23,27,0,0
2022,356,Illinois,true,roster_present_with_identifiable_ol,2009,2010,true,evaluable_complete_history_window,,117,117,117,117,117,117,0,0,17,17,0,8,9,23,17,0,0
2022,2005,Air Force,true,roster_present_with_identifiable_ol,2009,2010,true,evaluable_complete_history_window,,115,115,115,115,115,114,0,0,22,22,0,12,10,15,22,0,0
2022,2006,Akron,true,roster_present_with_identifiable_ol,2009,2010,true,evaluable_complete_history_window,,111,111,111,111,111,109,0,0,19,19,0,9,10,24,19,0,0
2022,2026,App State,true,roster_present_with_identifiable_ol,2009,2010,true,evaluable_complete_history_window,,116,116,116,116,116,114,0,0,18,18,0,12,6,27,18,0,0
2022,2032,Arkansas State,true,roster_present_with_identifiable_ol,2009,2010,true,evaluable_complete_history_window,,126,126,126,126,126,123,0,0,19,19,0,7,12,16,19,0,0
2022,2050,Ball State,true,roster_present_with_identifiable_ol,2009,2010,true,evaluable_complete_history_window,,112,112,112,112,112,111,0,0,16,16,0,9,7,22,16,0,0
2022,2084,Buffalo,true,roster_present_with_identifiable_ol,2009,2010,true,evaluable_complete_history_window,,113,113,113,113,113,110,0,0,18,18,0,10,8,20,18,0,0
2022,2116,UCF,true,roster_present_with_identifiable_ol,2009,2010,true,evaluable_complete_history_window,,116,116,116,116,116,113,0,0,17,17,0,9,8,26,17,0,0
2022,2117,Central Michigan,true,roster_present_with_identifiable_ol,2009,2010,true,evaluable_complete_history_window,,120,120,120,120,120,118,0,0,21,21,0,9,12,20,21,0,0
2022,2132,Cincinnati,true,roster_present_with_identifiable_ol,2009,2010,true,evaluable_complete_history_window,,116,116,116,116,116,114,0,0,19,19,0,9,10,21,19,0,0
2022,2199,Eastern Michigan,true,roster_present_with_identifiable_ol,2009,2010,true,evaluable_complete_history_window,,125,125,125,125,125,124,0,0,22,22,0,15,7,42,22,0,0
2022,2226,Florida Atlantic,true,roster_present_with_identifiable_ol,2009,2010,true,evaluable_complete_history_window,,117,117,117,117,117,117,0,0,18,18,0,12,6,30,18,0,0
2022,2229,Florida International,true,roster_present_with_identifiable_ol,2009,2010,true,evaluable_complete_history_window,,113,113,113,113,113,108,0,0,19,19,0,7,12,15,19,0,0
2022,2247,Georgia State,true,roster_present_with_identifiable_ol,2009,2010,true,evaluable_complete_history_window,,108,108,108,108,108,104,0,0,19,19,0,15,4,37,19,0,0
2022,2294,Iowa,true,roster_present_with_identifiable_ol,2009,2010,true,evaluable_complete_history_window,,127,127,127,127,127,127,0,0,21,21,0,17,4,35,21,0,0
2022,2305,Kansas,true,roster_present_with_identifiable_ol,2009,2010,true,evaluable_complete_history_window,,116,116,116,116,116,113,0,0,17,17,0,10,7,19,17,0,0
2022,2306,Kansas State,true,roster_present_with_identifiable_ol,2009,2010,true,evaluable_complete_history_window,,124,124,124,124,124,120,0,0,21,21,0,16,5,35,21,0,0
2022,2309,Kent State,true,roster_present_with_identifiable_ol,2009,2010,true,evaluable_complete_history_window,,101,101,101,101,101,99,0,0,15,15,0,6,9,17,15,0,0
2022,2335,Liberty,true,roster_present_with_identifiable_ol,2009,2010,true,evaluable_complete_history_window,,115,115,115,115,115,113,0,0,18,18,0,11,7,25,18,0,0
2022,2348,Louisiana Tech,true,roster_present_with_identifiable_ol,2009,2010,true,evaluable_complete_history_window,,115,115,115,115,115,114,0,0,18,18,0,12,6,26,18,0,0
2022,2390,Miami,true,roster_present_with_identifiable_ol,2009,2010,true,evaluable_complete_history_window,,120,120,120,120,120,119,0,0,18,18,0,12,6,28,18,0,0
2022,2393,Middle Tennessee,true,roster_present_with_identifiable_ol,2009,2010,true,evaluable_complete_history_window,,107,107,107,107,107,106,0,0,20,20,0,8,12,15,20,0,0
2022,2426,Navy,true,roster_present_with_identifiable_ol,2009,2010,true,evaluable_complete_history_window,,179,179,179,179,178,175,0,0,39,39,0,11,28,27,39,0,1
2022,2429,Charlotte,true,roster_present_with_identifiable_ol,2009,2010,true,evaluable_complete_history_window,,127,127,127,127,127,126,0,0,23,23,0,7,16,15,23,0,0
2022,2433,UL Monroe,true,roster_present_with_identifiable_ol,2009,2010,true,evaluable_complete_history_window,,127,127,127,127,127,124,0,0,23,23,0,3,20,7,23,0,0
2022,2439,UNLV,true,roster_present_with_identifiable_ol,2009,2010,true,evaluable_complete_history_window,,105,105,105,105,105,105,0,0,19,19,0,13,6,21,19,0,0
2022,2440,Nevada,true,roster_present_with_identifiable_ol,2009,2010,true,evaluable_complete_history_window,,114,114,114,114,114,112,0,0,18,18,0,7,11,18,18,0,0
2022,2459,Northern Illinois,true,roster_present_with_identifiable_ol,2009,2010,true,evaluable_complete_history_window,,120,120,120,120,120,118,0,0,19,19,0,14,5,29,19,0,0
2022,2483,Oregon,true,roster_present_with_identifiable_ol,2009,2010,true,evaluable_complete_history_window,,128,128,128,128,127,125,0,0,20,20,0,13,7,34,20,0,1
2022,2509,Purdue,true,roster_present_with_identifiable_ol,2009,2010,true,evaluable_complete_history_window,,116,116,116,116,116,115,0,0,20,20,0,9,11,23,20,0,0
2022,2567,SMU,true,roster_present_with_identifiable_ol,2009,2010,true,evaluable_complete_history_window,,132,132,132,132,132,130,0,0,19,19,0,12,7,25,19,0,0
2022,2572,Southern Miss,true,roster_present_with_identifiable_ol,2009,2010,true,evaluable_complete_history_window,,115,115,115,115,115,113,0,0,19,19,0,8,11,23,19,0,0
2022,2579,South Carolina,true,roster_present_with_identifiable_ol,2009,2010,true,evaluable_complete_history_window,,119,119,119,119,119,116,0,0,19,19,0,10,9,29,19,0,0
2022,2628,TCU,true,roster_present_with_identifiable_ol,2009,2010,true,evaluable_complete_history_window,,135,135,135,135,135,135,0,0,20,20,0,12,8,30,20,0,0
2022,2633,Tennessee,true,roster_present_with_identifiable_ol,2009,2010,true,evaluable_complete_history_window,,125,125,125,125,125,123,0,0,20,20,0,11,9,27,20,0,0
2022,2636,UTSA,true,roster_present_with_identifiable_ol,2009,2010,true,evaluable_complete_history_window,,112,112,112,112,112,110,0,0,21,21,0,9,12,25,21,0,0
2022,2638,UTEP,true,roster_present_with_identifiable_ol,2009,2010,true,evaluable_complete_history_window,,115,115,115,115,115,114,0,0,16,16,0,11,5,27,16,0,0
2022,2641,Texas Tech,true,roster_present_with_identifiable_ol,2009,2010,true,evaluable_complete_history_window,,119,119,119,119,119,115,0,0,20,20,0,8,12,15,20,0,0
2022,2649,Toledo,true,roster_present_with_identifiable_ol,2009,2010,true,evaluable_complete_history_window,,100,100,100,100,100,98,0,0,18,18,0,12,6,35,18,0,0
2022,2653,Troy,true,roster_present_with_identifiable_ol,2009,2010,true,evaluable_complete_history_window,,124,124,124,124,124,121,0,0,21,21,0,8,13,21,21,0,0
2022,2655,Tulane,true,roster_present_with_identifiable_ol,2009,2010,true,evaluable_complete_history_window,,118,118,118,118,117,116,0,0,16,16,0,11,5,26,16,0,1
2022,2711,Western Michigan,true,roster_present_with_identifiable_ol,2009,2010,true,evaluable_complete_history_window,,112,112,112,112,112,111,0,0,20,20,0,10,10,29,20,0,0
2022,2751,Wyoming,true,roster_present_with_identifiable_ol,2009,2010,true,evaluable_complete_history_window,,114,114,114,114,114,113,0,0,22,22,0,13,9,31,22,0,0
2023,2,Auburn,true,roster_present_with_identifiable_ol,2009,2010,true,evaluable_complete_history_window,,119,119,119,119,119,119,0,0,17,17,0,5,12,13,17,0,0
2023,5,UAB,true,roster_present_with_identifiable_ol,2009,2010,true,evaluable_complete_history_window,,117,117,117,117,117,116,0,0,17,17,0,10,7,17,17,0,0
2023,6,South Alabama,true,roster_present_with_identifiable_ol,2009,2010,true,evaluable_complete_history_window,,119,119,119,119,118,117,0,0,18,18,0,11,7,17,18,0,1
2023,8,Arkansas,true,roster_present_with_identifiable_ol,2009,2010,true,evaluable_complete_history_window,,121,121,121,121,121,121,0,0,21,21,0,14,7,25,21,0,0
2023,9,Arizona State,true,roster_present_with_identifiable_ol,2009,2010,true,evaluable_complete_history_window,,118,118,118,118,118,117,0,0,21,21,0,6,15,9,21,0,0
2023,12,Arizona,true,roster_present_with_identifiable_ol,2009,2010,true,evaluable_complete_history_window,,110,110,110,110,110,110,0,0,16,16,0,11,5,20,16,0,0
2023,21,San Diego State,true,roster_present_with_identifiable_ol,2009,2010,true,evaluable_complete_history_window,,110,110,110,110,110,109,0,0,18,18,0,11,7,18,18,0,0
2023,23,San José State,true,roster_present_with_identifiable_ol,2009,2010,true,evaluable_complete_history_window,,107,107,107,107,107,106,0,0,22,22,0,14,8,26,22,0,0
2023,24,Stanford,true,roster_present_with_identifiable_ol,2009,2010,true,evaluable_complete_history_window,,106,106,106,106,106,104,0,0,15,15,0,9,6,19,15,0,0
2023,25,California,true,roster_present_with_identifiable_ol,2009,2010,true,evaluable_complete_history_window,,118,118,118,118,118,118,0,0,20,20,0,14,6,32,20,0,0
2023,26,UCLA,true,roster_present_with_identifiable_ol,2009,2010,true,evaluable_complete_history_window,,124,124,124,124,124,123,0,0,20,20,0,12,8,29,20,0,0
2023,30,USC,true,roster_present_with_identifiable_ol,2009,2010,true,evaluable_complete_history_window,,110,110,110,110,110,108,0,0,18,18,0,8,10,21,18,0,0
2023,36,Colorado State,true,roster_present_with_identifiable_ol,2009,2010,true,evaluable_complete_history_window,,114,114,114,114,113,112,0,0,19,19,0,8,11,10,19,0,1
2023,38,Colorado,true,roster_present_with_identifiable_ol,2009,2010,true,evaluable_complete_history_window,,113,113,113,113,113,113,0,0,18,18,0,5,13,9,18,0,0
2023,41,UConn,true,roster_present_with_identifiable_ol,2009,2010,true,evaluable_complete_history_window,,112,112,112,112,112,111,0,0,18,18,0,14,4,26,18,0,0
2023,52,Florida State,true,roster_present_with_identifiable_ol,2009,2010,true,evaluable_complete_history_window,,123,123,123,123,123,121,0,0,20,20,0,15,5,30,20,0,0
2023,55,Jacksonville State,true,roster_present_with_identifiable_ol,2009,2010,true,evaluable_complete_history_window,,129,129,129,129,129,128,0,0,20,20,0,7,13,7,20,0,0
2023,57,Florida,true,roster_present_with_identifiable_ol,2009,2010,true,evaluable_complete_history_window,,117,117,117,117,117,117,0,0,20,20,0,11,9,24,20,0,0
2023,58,South Florida,true,roster_present_with_identifiable_ol,2009,2010,true,evaluable_complete_history_window,,117,117,117,117,116,114,0,0,20,20,0,8,12,13,20,0,1
2023,59,Georgia Tech,true,roster_present_with_identifiable_ol,2009,2010,true,evaluable_complete_history_window,,121,121,121,121,118,117,0,0,17,17,0,9,8,14,17,0,3
2023,61,Georgia,true,roster_present_with_identifiable_ol,2009,2010,true,evaluable_complete_history_window,,134,134,134,134,134,133,0,0,21,21,0,14,7,33,21,0,0
2023,62,Hawai'i,true,roster_present_with_identifiable_ol,2009,2010,true,evaluable_complete_history_window,,118,118,118,118,118,117,0,0,20,20,0,12,8,32,20,0,0
2023,66,Iowa State,true,roster_present_with_identifiable_ol,2009,2010,true,evaluable_complete_history_window,,132,132,132,132,132,132,0,0,23,23,0,19,4,45,23,0,0
2023,68,Boise State,true,roster_present_with_identifiable_ol,2009,2010,true,evaluable_complete_history_window,,110,110,110,110,110,110,0,0,19,19,0,10,9,18,19,0,0
2023,77,Northwestern,true,roster_present_with_identifiable_ol,2009,2010,true,evaluable_complete_history_window,,103,103,103,103,103,103,0,0,14,14,0,11,3,28,14,0,0
2023,84,Indiana,true,roster_present_with_identifiable_ol,2009,2010,true,evaluable_complete_history_window,,122,122,122,122,121,117,0,0,19,19,0,11,8,23,19,0,1
2023,87,Notre Dame,true,roster_present_with_identifiable_ol,2009,2010,true,evaluable_complete_history_window,,117,117,117,117,117,116,0,0,20,20,0,14,6,32,20,0,0
2023,96,Kentucky,true,roster_present_with_identifiable_ol,2009,2010,true,evaluable_complete_history_window,,119,119,119,119,118,116,0,0,19,19,0,8,11,19,19,0,1
2023,97,Louisville,true,roster_present_with_identifiable_ol,2009,2010,true,evaluable_complete_history_window,,122,122,122,122,117,116,0,0,21,21,0,10,11,26,21,0,5
2023,98,Western Kentucky,true,roster_present_with_identifiable_ol,2009,2010,true,evaluable_complete_history_window,,116,116,116,116,114,114,0,0,16,16,0,12,4,24,16,0,2
2023,99,LSU,true,roster_present_with_identifiable_ol,2009,2010,true,evaluable_complete_history_window,,117,117,117,117,117,116,0,0,18,18,0,9,9,16,18,0,0
2023,103,Boston College,true,roster_present_with_identifiable_ol,2009,2010,true,evaluable_complete_history_window,,118,118,118,118,117,116,0,0,18,18,0,13,5,32,18,0,1
2023,113,Massachusetts,true,roster_present_with_identifiable_ol,2009,2010,true,evaluable_complete_history_window,,110,110,110,110,108,107,0,0,16,16,0,10,6,16,16,0,2
2023,120,Maryland,true,roster_present_with_identifiable_ol,2009,2010,true,evaluable_complete_history_window,,117,117,117,117,117,116,0,0,16,16,0,8,8,18,16,0,0
2023,127,Michigan State,true,roster_present_with_identifiable_ol,2009,2010,true,evaluable_complete_history_window,,117,117,117,117,117,117,0,0,19,19,0,15,4,33,19,0,0
2023,130,Michigan,true,roster_present_with_identifiable_ol,2009,2010,true,evaluable_complete_history_window,,144,144,144,144,143,141,0,0,24,24,0,16,8,35,24,0,1
2023,135,Minnesota,true,roster_present_with_identifiable_ol,2009,2010,true,evaluable_complete_history_window,,115,115,115,115,115,115,0,0,20,20,0,15,5,35,20,0,0
2023,142,Missouri,true,roster_present_with_identifiable_ol,2009,2010,true,evaluable_complete_history_window,,110,110,110,110,110,108,0,0,18,18,0,14,4,26,18,0,0
2023,145,Ole Miss,true,roster_present_with_identifiable_ol,2009,2010,true,evaluable_complete_history_window,,129,129,129,129,129,129,0,0,19,19,0,12,7,28,19,0,0
2023,150,Duke,true,roster_present_with_identifiable_ol,2009,2010,true,evaluable_complete_history_window,,110,110,110,110,109,109,0,0,15,15,0,7,8,18,15,0,1
2023,151,East Carolina,true,roster_present_with_identifiable_ol,2009,2010,true,evaluable_complete_history_window,,123,123,123,123,123,122,0,0,21,21,0,12,9,25,21,0,0
2023,152,NC State,true,roster_present_with_identifiable_ol,2009,2010,true,evaluable_complete_history_window,,127,127,127,127,122,122,0,0,23,23,0,14,9,35,23,0,5
2023,153,North Carolina,true,roster_present_with_identifiable_ol,2009,2010,true,evaluable_complete_history_window,,120,120,120,120,120,119,0,0,19,19,0,15,4,30,19,0,0
2023,154,Wake Forest,true,roster_present_with_identifiable_ol,2009,2010,true,evaluable_complete_history_window,,124,124,124,124,124,124,0,0,21,21,0,15,6,40,21,0,0
2023,158,Nebraska,true,roster_present_with_identifiable_ol,2009,2010,true,evaluable_complete_history_window,,136,136,136,136,136,135,0,0,18,18,0,9,9,24,18,0,0
2023,164,Rutgers,true,roster_present_with_identifiable_ol,2009,2010,true,evaluable_complete_history_window,,131,131,131,131,131,130,0,0,24,24,0,18,6,30,24,0,0
2023,166,New Mexico State,true,roster_present_with_identifiable_ol,2009,2010,true,evaluable_complete_history_window,,127,127,127,127,127,127,0,0,19,19,0,9,10,13,19,0,0
2023,167,New Mexico,true,roster_present_with_identifiable_ol,2009,2010,true,evaluable_complete_history_window,,117,117,117,117,117,111,0,0,19,19,0,11,8,15,19,0,0
2023,183,Syracuse,true,roster_present_with_identifiable_ol,2009,2010,true,evaluable_complete_history_window,,111,111,111,111,109,108,0,0,18,18,0,11,7,19,18,0,2
2023,189,Bowling Green,true,roster_present_with_identifiable_ol,2009,2010,true,evaluable_complete_history_window,,108,108,108,108,108,107,0,0,19,19,0,11,8,18,19,0,0
2023,193,Miami (OH),true,roster_present_with_identifiable_ol,2009,2010,true,evaluable_complete_history_window,,118,118,118,118,118,117,0,0,18,18,0,13,5,27,18,0,0
2023,194,Ohio State,true,roster_present_with_identifiable_ol,2009,2010,true,evaluable_complete_history_window,,124,124,124,124,123,122,0,0,21,21,0,14,7,32,21,0,1
2023,195,Ohio,true,roster_present_with_identifiable_ol,2009,2010,true,evaluable_complete_history_window,,119,119,119,119,119,117,0,0,19,19,0,16,3,37,19,0,0
2023,197,Oklahoma State,true,roster_present_with_identifiable_ol,2009,2010,true,evaluable_complete_history_window,,126,126,126,126,126,124,0,0,22,22,0,13,9,30,22,0,0
2023,201,Oklahoma,true,roster_present_with_identifiable_ol,2009,2010,true,evaluable_complete_history_window,,125,125,125,125,125,124,0,0,20,20,0,9,11,16,20,0,0
2023,202,Tulsa,true,roster_present_with_identifiable_ol,2009,2010,true,evaluable_complete_history_window,,121,121,121,121,119,118,0,0,17,17,0,12,5,23,17,0,2
2023,204,Oregon State,true,roster_present_with_identifiable_ol,2009,2010,true,evaluable_complete_history_window,,127,127,127,127,125,123,0,0,21,21,0,15,6,32,21,0,2
2023,213,Penn State,true,roster_present_with_identifiable_ol,2009,2010,true,evaluable_complete_history_window,,125,125,125,125,125,125,0,0,22,22,0,15,7,30,22,0,0
2023,218,Temple,true,roster_present_with_identifiable_ol,2009,2010,true,evaluable_complete_history_window,,109,109,109,109,107,106,0,0,17,17,0,11,6,28,17,0,2
2023,221,Pittsburgh,true,roster_present_with_identifiable_ol,2009,2010,true,evaluable_complete_history_window,,117,117,117,117,117,116,0,0,21,21,0,15,6,34,21,0,0
2023,228,Clemson,true,roster_present_with_identifiable_ol,2009,2010,true,evaluable_complete_history_window,,134,134,134,134,133,132,0,0,22,22,0,17,5,36,22,0,1
2023,235,Memphis,true,roster_present_with_identifiable_ol,2009,2010,true,evaluable_complete_history_window,,116,116,116,116,116,115,0,0,17,17,0,9,8,19,17,0,0
2023,238,Vanderbilt,true,roster_present_with_identifiable_ol,2009,2010,true,evaluable_complete_history_window,,114,114,114,114,114,111,0,0,21,21,0,15,6,27,21,0,0
2023,239,Baylor,true,roster_present_with_identifiable_ol,2009,2010,true,evaluable_complete_history_window,,109,109,109,109,109,108,0,0,18,18,0,12,6,18,18,0,0
2023,242,Rice,true,roster_present_with_identifiable_ol,2009,2010,true,evaluable_complete_history_window,,111,111,111,111,111,111,0,0,20,20,0,11,9,23,20,0,0
2023,245,Texas A&M,true,roster_present_with_identifiable_ol,2009,2010,true,evaluable_complete_history_window,,133,133,133,133,133,132,0,0,20,20,0,14,6,19,20,0,0
2023,248,Houston,true,roster_present_with_identifiable_ol,2009,2010,true,evaluable_complete_history_window,,119,119,119,119,118,117,0,0,16,16,0,9,7,21,16,0,1
2023,249,North Texas,true,roster_present_with_identifiable_ol,2009,2010,true,evaluable_complete_history_window,,120,120,120,120,120,118,0,0,19,19,0,11,8,17,19,0,0
2023,251,Texas,true,roster_present_with_identifiable_ol,2009,2010,true,evaluable_complete_history_window,,119,119,119,119,119,118,0,0,19,19,0,12,7,18,19,0,0
2023,252,BYU,true,roster_present_with_identifiable_ol,2009,2010,true,evaluable_complete_history_window,,121,121,121,121,121,119,0,0,19,19,0,9,10,15,19,0,0
2023,254,Utah,true,roster_present_with_identifiable_ol,2009,2010,true,evaluable_complete_history_window,,122,122,122,122,122,121,0,0,19,19,0,13,6,36,19,0,0
2023,256,James Madison,true,roster_present_with_identifiable_ol,2009,2010,true,evaluable_complete_history_window,,112,112,112,112,112,111,0,0,19,19,0,13,6,13,19,0,0
2023,258,Virginia,true,roster_present_with_identifiable_ol,2009,2010,true,evaluable_complete_history_window,,126,126,126,126,126,125,0,0,21,21,0,15,6,19,21,0,0
2023,259,Virginia Tech,true,roster_present_with_identifiable_ol,2009,2010,true,evaluable_complete_history_window,,125,125,125,125,122,121,0,0,21,21,0,13,8,18,21,0,3
2023,264,Washington,true,roster_present_with_identifiable_ol,2009,2010,true,evaluable_complete_history_window,,119,119,119,119,119,118,0,0,19,19,0,10,9,31,19,0,0
2023,265,Washington State,true,roster_present_with_identifiable_ol,2009,2010,true,evaluable_complete_history_window,,125,125,125,125,124,123,0,0,20,20,0,11,9,23,20,0,1
2023,275,Wisconsin,true,roster_present_with_identifiable_ol,2009,2010,true,evaluable_complete_history_window,,122,122,122,122,122,121,0,0,20,20,0,13,7,29,20,0,0
2023,276,Marshall,true,roster_present_with_identifiable_ol,2009,2010,true,evaluable_complete_history_window,,126,126,126,126,125,124,0,0,18,18,0,10,8,19,18,0,1
2023,277,West Virginia,true,roster_present_with_identifiable_ol,2009,2010,true,evaluable_complete_history_window,,117,117,117,117,117,117,0,0,14,14,0,11,3,25,14,0,0
2023,278,Fresno State,true,roster_present_with_identifiable_ol,2009,2010,true,evaluable_complete_history_window,,112,112,112,112,112,111,0,0,17,17,0,12,5,25,17,0,0
2023,290,Georgia Southern,true,roster_present_with_identifiable_ol,2009,2010,true,evaluable_complete_history_window,,130,130,130,130,129,129,0,0,18,18,0,10,8,28,18,0,1
2023,295,Old Dominion,true,roster_present_with_identifiable_ol,2009,2010,true,evaluable_complete_history_window,,117,117,117,117,117,115,0,0,19,19,0,11,8,17,19,0,0
2023,309,Louisiana,true,roster_present_with_identifiable_ol,2009,2010,true,evaluable_complete_history_window,,137,137,137,137,135,134,0,0,24,24,0,13,11,30,24,0,2
2023,324,Coastal Carolina,true,roster_present_with_identifiable_ol,2009,2010,true,evaluable_complete_history_window,,116,116,116,116,116,114,0,0,19,19,0,11,8,26,19,0,0
2023,326,Texas State,true,roster_present_with_identifiable_ol,2009,2010,true,evaluable_complete_history_window,,126,126,126,126,121,118,0,0,20,20,0,4,16,9,20,0,5
2023,328,Utah State,true,roster_present_with_identifiable_ol,2009,2010,true,evaluable_complete_history_window,,111,111,111,111,111,106,0,0,18,18,0,11,7,25,18,0,0
2023,333,Alabama,true,roster_present_with_identifiable_ol,2009,2010,true,evaluable_complete_history_window,,138,138,138,138,138,138,0,0,19,19,0,10,9,18,19,0,0
2023,344,Mississippi State,true,roster_present_with_identifiable_ol,2009,2010,true,evaluable_complete_history_window,,111,111,111,111,111,110,0,0,15,15,0,11,4,24,15,0,0
2023,349,Army,true,roster_present_with_identifiable_ol,2009,2010,true,evaluable_complete_history_window,,180,180,180,180,180,180,0,0,35,35,0,18,17,36,35,0,0
2023,356,Illinois,true,roster_present_with_identifiable_ol,2009,2010,true,evaluable_complete_history_window,,120,120,120,120,120,119,0,0,20,20,0,12,8,22,20,0,0
2023,2005,Air Force,true,roster_present_with_identifiable_ol,2009,2010,true,evaluable_complete_history_window,,126,126,126,126,125,124,0,0,27,27,0,11,16,18,27,0,1
2023,2006,Akron,true,roster_present_with_identifiable_ol,2009,2010,true,evaluable_complete_history_window,,106,106,106,106,106,105,0,0,18,18,0,9,9,18,18,0,0
2023,2026,App State,true,roster_present_with_identifiable_ol,2009,2010,true,evaluable_complete_history_window,,115,115,115,115,115,113,0,0,18,18,0,8,10,15,18,0,0
2023,2032,Arkansas State,true,roster_present_with_identifiable_ol,2009,2010,true,evaluable_complete_history_window,,121,121,121,121,121,120,0,0,16,16,0,10,6,14,16,0,0
2023,2050,Ball State,true,roster_present_with_identifiable_ol,2009,2010,true,evaluable_complete_history_window,,118,118,118,118,117,117,0,0,21,21,0,10,11,19,21,0,1
2023,2084,Buffalo,true,roster_present_with_identifiable_ol,2009,2010,true,evaluable_complete_history_window,,108,108,108,108,108,106,0,0,14,14,0,10,4,24,14,0,0
2023,2116,UCF,true,roster_present_with_identifiable_ol,2009,2010,true,evaluable_complete_history_window,,122,122,122,122,121,119,0,0,20,20,0,11,9,27,20,0,1
2023,2117,Central Michigan,true,roster_present_with_identifiable_ol,2009,2010,true,evaluable_complete_history_window,,118,118,118,118,116,115,0,0,19,19,0,9,10,20,19,0,2
2023,2132,Cincinnati,true,roster_present_with_identifiable_ol,2009,2010,true,evaluable_complete_history_window,,112,112,112,112,112,110,0,0,18,18,0,11,7,17,18,0,0
2023,2199,Eastern Michigan,true,roster_present_with_identifiable_ol,2009,2010,true,evaluable_complete_history_window,,116,116,116,116,115,115,0,0,21,21,0,15,6,34,21,0,1
2023,2226,Florida Atlantic,true,roster_present_with_identifiable_ol,2009,2010,true,evaluable_complete_history_window,,125,125,125,125,114,112,0,0,16,16,0,10,6,24,16,0,11
2023,2229,Florida International,true,roster_present_with_identifiable_ol,2009,2010,true,evaluable_complete_history_window,,113,113,113,113,113,110,0,0,20,20,0,11,9,14,20,0,0
2023,2247,Georgia State,true,roster_present_with_identifiable_ol,2009,2010,true,evaluable_complete_history_window,,101,101,101,101,100,98,0,0,15,15,0,10,5,25,15,0,1
2023,2294,Iowa,true,roster_present_with_identifiable_ol,2009,2010,true,evaluable_complete_history_window,,126,126,126,126,126,126,0,0,21,21,0,14,7,31,21,0,0
2023,2305,Kansas,true,roster_present_with_identifiable_ol,2009,2010,true,evaluable_complete_history_window,,119,119,119,119,118,117,0,0,17,17,0,13,4,23,17,0,1
2023,2306,Kansas State,true,roster_present_with_identifiable_ol,2009,2010,true,evaluable_complete_history_window,,124,124,124,124,124,119,0,0,18,18,0,14,4,36,18,0,0
2023,2309,Kent State,true,roster_present_with_identifiable_ol,2009,2010,true,evaluable_complete_history_window,,102,102,102,102,102,100,0,0,16,16,0,8,8,11,16,0,0
2023,2335,Liberty,true,roster_present_with_identifiable_ol,2009,2010,true,evaluable_complete_history_window,,119,119,119,119,117,117,0,0,17,17,0,9,8,21,17,0,2
2023,2348,Louisiana Tech,true,roster_present_with_identifiable_ol,2009,2010,true,evaluable_complete_history_window,,115,115,115,115,115,114,0,0,21,21,0,13,8,33,21,0,0
2023,2390,Miami,true,roster_present_with_identifiable_ol,2009,2010,true,evaluable_complete_history_window,,107,107,107,107,106,105,0,0,17,17,0,9,8,17,17,0,1
2023,2393,Middle Tennessee,true,roster_present_with_identifiable_ol,2009,2010,true,evaluable_complete_history_window,,117,117,117,117,116,115,0,0,17,17,0,9,8,14,17,0,1
2023,2426,Navy,true,roster_present_with_identifiable_ol,2009,2010,true,evaluable_complete_history_window,,171,171,171,171,171,169,0,0,29,29,0,21,8,31,29,0,0
2023,2429,Charlotte,true,roster_present_with_identifiable_ol,2009,2010,true,evaluable_complete_history_window,,122,122,122,122,120,119,0,0,24,24,0,7,17,11,24,0,2
2023,2433,UL Monroe,true,roster_present_with_identifiable_ol,2009,2010,true,evaluable_complete_history_window,,116,116,116,116,113,109,0,0,16,16,0,10,6,12,16,0,3
2023,2439,UNLV,true,roster_present_with_identifiable_ol,2009,2010,true,evaluable_complete_history_window,,110,110,110,110,110,110,0,0,19,19,0,8,11,20,19,0,0
2023,2440,Nevada,true,roster_present_with_identifiable_ol,2009,2010,true,evaluable_complete_history_window,,114,114,114,114,114,113,0,0,18,18,0,12,6,18,18,0,0
2023,2459,Northern Illinois,true,roster_present_with_identifiable_ol,2009,2010,true,evaluable_complete_history_window,,122,122,122,122,121,120,0,0,21,21,0,15,6,37,21,0,1
2023,2483,Oregon,true,roster_present_with_identifiable_ol,2009,2010,true,evaluable_complete_history_window,,128,128,128,128,128,126,0,0,24,24,0,13,11,25,24,0,0
2023,2509,Purdue,true,roster_present_with_identifiable_ol,2009,2010,true,evaluable_complete_history_window,,117,117,117,117,117,117,0,0,20,20,0,11,9,17,20,0,0
2023,2534,Sam Houston,true,roster_present_with_identifiable_ol,2009,2010,true,evaluable_complete_history_window,,113,113,113,113,111,110,0,0,14,14,0,6,8,6,14,0,2
2023,2567,SMU,true,roster_present_with_identifiable_ol,2009,2010,true,evaluable_complete_history_window,,126,126,126,126,125,123,0,0,23,23,0,12,11,28,23,0,1
2023,2572,Southern Miss,true,roster_present_with_identifiable_ol,2009,2010,true,evaluable_complete_history_window,,108,108,108,108,108,108,0,0,18,18,0,13,5,20,18,0,0
2023,2579,South Carolina,true,roster_present_with_identifiable_ol,2009,2010,true,evaluable_complete_history_window,,116,116,116,116,116,114,0,0,20,20,0,11,9,23,20,0,0
2023,2628,TCU,true,roster_present_with_identifiable_ol,2009,2010,true,evaluable_complete_history_window,,127,127,127,127,127,127,0,0,21,21,0,13,8,29,21,0,0
2023,2633,Tennessee,true,roster_present_with_identifiable_ol,2009,2010,true,evaluable_complete_history_window,,124,124,124,124,124,123,0,0,21,21,0,15,6,32,21,0,0
2023,2636,UTSA,true,roster_present_with_identifiable_ol,2009,2010,true,evaluable_complete_history_window,,115,115,115,115,114,112,0,0,21,21,0,15,6,29,21,0,1
2023,2638,UTEP,true,roster_present_with_identifiable_ol,2009,2010,true,evaluable_complete_history_window,,122,122,122,122,122,122,0,0,23,23,0,13,10,32,23,0,0
2023,2641,Texas Tech,true,roster_present_with_identifiable_ol,2009,2010,true,evaluable_complete_history_window,,122,122,122,122,120,116,0,0,19,19,0,12,7,19,19,0,2
2023,2649,Toledo,true,roster_present_with_identifiable_ol,2009,2010,true,evaluable_complete_history_window,,118,118,118,118,118,117,0,0,21,21,0,11,10,30,21,0,0
2023,2653,Troy,true,roster_present_with_identifiable_ol,2009,2010,true,evaluable_complete_history_window,,119,119,119,119,119,117,0,0,19,19,0,8,11,16,19,0,0
2023,2655,Tulane,true,roster_present_with_identifiable_ol,2009,2010,true,evaluable_complete_history_window,,125,125,125,125,122,120,0,0,15,15,0,10,5,26,15,0,3
2023,2711,Western Michigan,true,roster_present_with_identifiable_ol,2009,2010,true,evaluable_complete_history_window,,108,108,108,108,108,107,0,0,18,18,0,13,5,30,18,0,0
2023,2751,Wyoming,true,roster_present_with_identifiable_ol,2009,2010,true,evaluable_complete_history_window,,117,117,117,117,117,117,0,0,18,18,0,10,8,18,18,0,0
2024,2,Auburn,true,roster_present_with_identifiable_ol,2009,2010,true,evaluable_complete_history_window,,121,121,121,121,121,121,0,0,18,18,0,11,7,15,18,0,0
2024,5,UAB,true,roster_present_with_identifiable_ol,2009,2010,true,evaluable_complete_history_window,,120,120,120,120,120,120,0,0,18,18,0,11,7,25,18,0,0
2024,6,South Alabama,true,roster_present_with_identifiable_ol,2009,2010,true,evaluable_complete_history_window,,122,122,122,122,122,121,0,0,20,20,0,12,8,18,20,0,0
2024,8,Arkansas,true,roster_present_with_identifiable_ol,2009,2010,true,evaluable_complete_history_window,,124,124,124,124,124,124,0,0,19,19,0,10,9,17,19,0,0
2024,9,Arizona State,true,roster_present_with_identifiable_ol,2009,2010,true,evaluable_complete_history_window,,120,120,120,120,120,120,0,0,23,23,0,12,11,14,23,0,0
2024,12,Arizona,true,roster_present_with_identifiable_ol,2009,2010,true,evaluable_complete_history_window,,109,109,109,109,109,108,0,0,18,18,0,11,7,22,18,0,0
2024,21,San Diego State,true,roster_present_with_identifiable_ol,2009,2010,true,evaluable_complete_history_window,,109,109,109,109,109,109,0,0,15,15,0,8,7,12,15,0,0
2024,23,San José State,true,roster_present_with_identifiable_ol,2009,2010,true,evaluable_complete_history_window,,106,106,106,106,105,105,0,0,26,26,0,14,12,21,26,0,1
2024,24,Stanford,true,roster_present_with_identifiable_ol,2009,2010,true,evaluable_complete_history_window,,109,109,109,109,109,108,0,0,16,16,0,11,5,23,16,0,0
2024,25,California,true,roster_present_with_identifiable_ol,2009,2010,true,evaluable_complete_history_window,,116,116,116,116,116,116,0,0,18,18,0,10,8,19,18,0,0
2024,26,UCLA,true,roster_present_with_identifiable_ol,2009,2010,true,evaluable_complete_history_window,,120,120,120,120,120,120,0,0,23,23,0,14,9,31,23,0,0
2024,30,USC,true,roster_present_with_identifiable_ol,2009,2010,true,evaluable_complete_history_window,,106,106,106,106,106,104,0,0,17,17,0,11,6,21,17,0,0
2024,36,Colorado State,true,roster_present_with_identifiable_ol,2009,2010,true,evaluable_complete_history_window,,110,110,110,110,110,109,0,0,14,14,0,9,5,13,14,0,0
2024,38,Colorado,true,roster_present_with_identifiable_ol,2009,2010,true,evaluable_complete_history_window,,113,113,113,113,110,110,0,0,15,15,0,4,11,5,15,0,3
2024,41,UConn,true,roster_present_with_identifiable_ol,2009,2010,true,evaluable_complete_history_window,,112,112,112,112,111,110,0,0,19,19,0,13,6,28,19,0,1
2024,52,Florida State,true,roster_present_with_identifiable_ol,2009,2010,true,evaluable_complete_history_window,,124,124,124,124,124,123,0,0,19,19,0,12,7,31,19,0,0
2024,55,Jacksonville State,true,roster_present_with_identifiable_ol,2009,2010,true,evaluable_complete_history_window,,129,129,129,129,124,124,0,0,22,22,0,11,11,14,22,0,5
2024,57,Florida,true,roster_present_with_identifiable_ol,2009,2010,true,evaluable_complete_history_window,,133,133,133,133,132,132,0,0,23,23,0,13,10,24,23,0,1
2024,58,South Florida,true,roster_present_with_identifiable_ol,2009,2010,true,evaluable_complete_history_window,,134,134,134,134,129,129,0,0,19,19,0,12,7,17,19,0,5
2024,59,Georgia Tech,true,roster_present_with_identifiable_ol,2009,2010,true,evaluable_complete_history_window,,121,121,121,121,121,121,0,0,20,20,0,11,9,21,20,0,0
2024,61,Georgia,true,roster_present_with_identifiable_ol,2009,2010,true,evaluable_complete_history_window,,137,137,137,137,136,136,0,0,23,23,0,14,9,32,23,0,1
2024,62,Hawai'i,true,roster_present_with_identifiable_ol,2009,2010,true,evaluable_complete_history_window,,122,122,122,122,122,121,0,0,19,19,0,11,8,25,19,0,0
2024,66,Iowa State,true,roster_present_with_identifiable_ol,2009,2010,true,evaluable_complete_history_window,,133,133,133,133,133,133,0,0,25,25,0,14,11,31,25,0,0
2024,68,Boise State,true,roster_present_with_identifiable_ol,2009,2010,true,evaluable_complete_history_window,,115,115,115,115,115,115,0,0,19,19,0,12,7,24,19,0,0
2024,77,Northwestern,true,roster_present_with_identifiable_ol,2009,2010,true,evaluable_complete_history_window,,111,111,111,111,111,111,0,0,18,18,0,9,9,22,18,0,0
2024,84,Indiana,true,roster_present_with_identifiable_ol,2009,2010,true,evaluable_complete_history_window,,116,116,116,116,116,115,0,0,16,16,0,9,7,20,16,0,0
2024,87,Notre Dame,true,roster_present_with_identifiable_ol,2009,2010,true,evaluable_complete_history_window,,121,121,121,121,121,120,0,0,19,19,0,13,6,23,19,0,0
2024,96,Kentucky,true,roster_present_with_identifiable_ol,2009,2010,true,evaluable_complete_history_window,,114,114,114,114,113,111,0,0,19,19,0,11,8,21,19,0,1
2024,97,Louisville,true,roster_present_with_identifiable_ol,2009,2010,true,evaluable_complete_history_window,,119,119,119,119,114,114,0,0,17,17,0,8,9,18,17,0,5
2024,98,Western Kentucky,true,roster_present_with_identifiable_ol,2009,2010,true,evaluable_complete_history_window,,113,113,113,113,113,113,0,0,17,17,0,10,7,22,17,0,0
2024,99,LSU,true,roster_present_with_identifiable_ol,2009,2010,true,evaluable_complete_history_window,,110,110,110,110,110,110,0,0,18,18,0,12,6,20,18,0,0
2024,103,Boston College,true,roster_present_with_identifiable_ol,2009,2010,true,evaluable_complete_history_window,,118,118,118,118,117,116,0,0,17,17,0,12,5,31,17,0,1
2024,113,Massachusetts,true,roster_present_with_identifiable_ol,2009,2010,true,evaluable_complete_history_window,,111,111,111,111,109,108,0,0,17,17,0,7,10,16,17,0,2
2024,120,Maryland,true,roster_present_with_identifiable_ol,2009,2010,true,evaluable_complete_history_window,,119,119,119,119,119,119,0,0,19,19,0,7,12,10,19,0,0
2024,127,Michigan State,true,roster_present_with_identifiable_ol,2009,2010,true,evaluable_complete_history_window,,118,118,118,118,118,118,0,0,19,19,0,9,10,18,19,0,0
2024,130,Michigan,true,roster_present_with_identifiable_ol,2009,2010,true,evaluable_complete_history_window,,139,139,139,139,138,137,0,0,24,24,0,17,7,34,24,0,1
2024,135,Minnesota,true,roster_present_with_identifiable_ol,2009,2010,true,evaluable_complete_history_window,,115,115,115,115,115,115,0,0,15,15,0,12,3,28,15,0,0
2024,142,Missouri,true,roster_present_with_identifiable_ol,2009,2010,true,evaluable_complete_history_window,,120,120,120,120,119,116,0,0,21,21,0,11,10,24,21,0,1
2024,145,Ole Miss,true,roster_present_with_identifiable_ol,2009,2010,true,evaluable_complete_history_window,,134,134,134,134,134,134,0,0,22,22,0,13,9,35,22,0,0
2024,150,Duke,true,roster_present_with_identifiable_ol,2009,2010,true,evaluable_complete_history_window,,113,113,113,113,113,113,0,0,18,18,0,5,13,9,18,0,0
2024,151,East Carolina,true,roster_present_with_identifiable_ol,2009,2010,true,evaluable_complete_history_window,,129,129,129,129,129,128,0,0,20,20,0,12,8,20,20,0,0
2024,152,NC State,true,roster_present_with_identifiable_ol,2009,2010,true,evaluable_complete_history_window,,124,124,124,124,123,123,0,0,21,21,0,15,6,36,21,0,1
2024,153,North Carolina,true,roster_present_with_identifiable_ol,2009,2010,true,evaluable_complete_history_window,,121,121,121,121,121,121,0,0,22,22,0,9,13,23,22,0,0
2024,154,Wake Forest,true,roster_present_with_identifiable_ol,2009,2010,true,evaluable_complete_history_window,,123,123,123,123,122,122,0,0,21,21,0,17,4,41,21,0,1
2024,158,Nebraska,true,roster_present_with_identifiable_ol,2009,2010,true,evaluable_complete_history_window,,152,152,152,152,151,150,0,0,23,23,0,15,8,29,23,0,1
2024,164,Rutgers,true,roster_present_with_identifiable_ol,2009,2010,true,evaluable_complete_history_window,,135,135,135,135,135,133,0,0,22,22,0,17,5,37,22,0,0
2024,166,New Mexico State,true,roster_present_with_identifiable_ol,2009,2010,true,evaluable_complete_history_window,,115,115,115,115,115,115,0,0,21,21,0,14,7,22,21,0,0
2024,167,New Mexico,true,roster_present_with_identifiable_ol,2009,2010,true,evaluable_complete_history_window,,111,111,111,111,111,96,0,0,20,20,0,6,14,12,20,0,0
2024,183,Syracuse,true,roster_present_with_identifiable_ol,2009,2010,true,evaluable_complete_history_window,,107,107,107,107,107,106,0,0,19,19,0,12,7,25,19,0,0
2024,189,Bowling Green,true,roster_present_with_identifiable_ol,2009,2010,true,evaluable_complete_history_window,,109,109,109,109,109,107,0,0,16,16,0,10,6,25,16,0,0
2024,193,Miami (OH),true,roster_present_with_identifiable_ol,2009,2010,true,evaluable_complete_history_window,,116,116,116,116,115,115,0,0,18,18,0,14,4,29,18,0,1
2024,194,Ohio State,true,roster_present_with_identifiable_ol,2009,2010,true,evaluable_complete_history_window,,123,123,123,123,123,122,0,0,18,18,0,13,5,25,18,0,0
2024,195,Ohio,true,roster_present_with_identifiable_ol,2009,2010,true,evaluable_complete_history_window,,117,117,117,117,117,116,0,0,21,21,0,11,10,29,21,0,0
2024,197,Oklahoma State,true,roster_present_with_identifiable_ol,2009,2010,true,evaluable_complete_history_window,,142,142,142,142,142,141,0,0,26,26,0,18,8,43,26,0,0
2024,201,Oklahoma,true,roster_present_with_identifiable_ol,2009,2010,true,evaluable_complete_history_window,,126,126,126,126,125,125,0,0,21,21,0,9,12,12,21,0,1
2024,202,Tulsa,true,roster_present_with_identifiable_ol,2009,2010,true,evaluable_complete_history_window,,124,124,124,124,122,121,0,0,17,17,0,8,9,12,17,0,2
2024,204,Oregon State,true,roster_present_with_identifiable_ol,2009,2010,true,evaluable_complete_history_window,,114,114,114,114,114,113,0,0,19,19,0,13,6,25,19,0,0
2024,213,Penn State,true,roster_present_with_identifiable_ol,2009,2010,true,evaluable_complete_history_window,,125,125,125,125,125,125,0,0,20,20,0,15,5,29,20,0,0
2024,218,Temple,true,roster_present_with_identifiable_ol,2009,2010,true,evaluable_complete_history_window,,115,115,115,115,112,112,0,0,19,19,0,10,9,22,19,0,3
2024,221,Pittsburgh,true,roster_present_with_identifiable_ol,2009,2010,true,evaluable_complete_history_window,,118,118,118,118,118,118,0,0,21,21,0,15,6,33,21,0,0
2024,228,Clemson,true,roster_present_with_identifiable_ol,2009,2010,true,evaluable_complete_history_window,,136,136,136,136,136,135,0,0,23,23,0,17,6,40,23,0,0
2024,235,Memphis,true,roster_present_with_identifiable_ol,2009,2010,true,evaluable_complete_history_window,,131,131,131,131,129,120,0,0,22,22,0,10,12,20,22,0,2
2024,238,Vanderbilt,true,roster_present_with_identifiable_ol,2009,2010,true,evaluable_complete_history_window,,120,120,120,120,120,117,0,0,21,21,0,13,8,25,21,0,0
2024,239,Baylor,true,roster_present_with_identifiable_ol,2009,2010,true,evaluable_complete_history_window,,110,110,110,110,110,109,0,0,16,16,0,10,6,17,16,0,0
2024,242,Rice,true,roster_present_with_identifiable_ol,2009,2010,true,evaluable_complete_history_window,,121,121,121,121,121,121,0,0,21,21,0,14,7,27,21,0,0
2024,245,Texas A&M,true,roster_present_with_identifiable_ol,2009,2010,true,evaluable_complete_history_window,,142,142,142,142,142,142,0,0,22,22,0,11,11,21,22,0,0
2024,248,Houston,true,roster_present_with_identifiable_ol,2009,2010,true,evaluable_complete_history_window,,116,116,116,116,116,116,0,0,16,16,0,6,10,10,16,0,0
2024,249,North Texas,true,roster_present_with_identifiable_ol,2009,2010,true,evaluable_complete_history_window,,122,122,122,122,120,119,0,0,19,19,0,9,10,15,19,0,2
2024,251,Texas,true,roster_present_with_identifiable_ol,2009,2010,true,evaluable_complete_history_window,,117,117,117,117,117,117,0,0,20,20,0,17,3,31,20,0,0
2024,252,BYU,true,roster_present_with_identifiable_ol,2009,2010,true,evaluable_complete_history_window,,125,125,125,125,123,121,0,0,21,21,0,12,9,23,21,0,2
2024,254,Utah,true,roster_present_with_identifiable_ol,2009,2010,true,evaluable_complete_history_window,,110,110,110,110,109,108,0,0,16,16,0,13,3,38,16,0,1
2024,256,James Madison,true,roster_present_with_identifiable_ol,2009,2010,true,evaluable_complete_history_window,,120,120,120,120,120,120,0,0,21,21,0,12,9,19,21,0,0
2024,258,Virginia,true,roster_present_with_identifiable_ol,2009,2010,true,evaluable_complete_history_window,,128,128,128,128,124,124,0,0,22,22,0,16,6,26,22,0,4
2024,259,Virginia Tech,true,roster_present_with_identifiable_ol,2009,2010,true,evaluable_complete_history_window,,112,112,112,112,112,112,0,0,19,19,0,14,5,28,19,0,0
2024,264,Washington,true,roster_present_with_identifiable_ol,2009,2010,true,evaluable_complete_history_window,,110,110,110,110,110,110,0,0,17,17,0,9,8,12,17,0,0
2024,265,Washington State,true,roster_present_with_identifiable_ol,2009,2010,true,evaluable_complete_history_window,,122,122,122,122,122,122,0,0,20,20,0,15,5,30,20,0,0
2024,275,Wisconsin,true,roster_present_with_identifiable_ol,2009,2010,true,evaluable_complete_history_window,,121,121,121,121,119,117,0,0,20,20,0,12,8,24,20,0,2
2024,276,Marshall,true,roster_present_with_identifiable_ol,2009,2010,true,evaluable_complete_history_window,,117,117,117,117,116,116,0,0,15,15,0,5,10,12,15,0,1
2024,277,West Virginia,true,roster_present_with_identifiable_ol,2009,2010,true,evaluable_complete_history_window,,130,130,130,130,128,128,0,0,20,20,0,11,9,30,20,0,2
2024,278,Fresno State,true,roster_present_with_identifiable_ol,2009,2010,true,evaluable_complete_history_window,,117,117,117,117,117,116,0,0,18,18,0,13,5,33,18,0,0
2024,290,Georgia Southern,true,roster_present_with_identifiable_ol,2009,2010,true,evaluable_complete_history_window,,124,124,124,124,124,124,0,0,19,19,0,11,8,18,19,0,0
2024,295,Old Dominion,true,roster_present_with_identifiable_ol,2009,2010,true,evaluable_complete_history_window,,107,107,107,107,107,107,0,0,20,20,0,12,8,19,20,0,0
2024,309,Louisiana,true,roster_present_with_identifiable_ol,2009,2010,true,evaluable_complete_history_window,,136,136,136,136,135,135,0,0,24,24,0,18,6,41,24,0,1
2024,324,Coastal Carolina,true,roster_present_with_identifiable_ol,2009,2010,true,evaluable_complete_history_window,,120,120,120,120,120,119,0,0,21,21,0,11,10,25,21,0,0
2024,326,Texas State,true,roster_present_with_identifiable_ol,2009,2010,true,evaluable_complete_history_window,,119,119,119,119,119,119,0,0,19,19,0,12,7,15,19,0,0
2024,328,Utah State,true,roster_present_with_identifiable_ol,2009,2010,true,evaluable_complete_history_window,,108,108,108,108,108,103,0,0,16,16,0,12,4,27,16,0,0
2024,333,Alabama,true,roster_present_with_identifiable_ol,2009,2010,true,evaluable_complete_history_window,,133,133,133,133,133,133,0,0,23,23,0,13,10,17,23,0,0
2024,338,Kennesaw State,true,roster_present_with_identifiable_ol,2009,2010,true,evaluable_complete_history_window,,125,125,125,125,124,123,0,0,24,24,0,7,17,7,24,0,1
2024,344,Mississippi State,true,roster_present_with_identifiable_ol,2009,2010,true,evaluable_complete_history_window,,116,116,116,116,114,114,0,0,18,18,0,8,10,16,18,0,2
2024,349,Army,true,roster_present_with_identifiable_ol,2009,2010,true,evaluable_complete_history_window,,182,182,182,182,182,181,0,0,33,33,0,20,13,33,33,0,0
2024,356,Illinois,true,roster_present_with_identifiable_ol,2009,2010,true,evaluable_complete_history_window,,118,118,118,118,118,118,0,0,20,20,0,12,8,20,20,0,0
2024,2005,Air Force,true,roster_present_with_identifiable_ol,2009,2010,true,evaluable_complete_history_window,,130,130,130,130,129,128,0,0,21,21,0,12,9,13,21,0,1
2024,2006,Akron,true,roster_present_with_identifiable_ol,2009,2010,true,evaluable_complete_history_window,,108,108,108,108,108,108,0,0,20,20,0,9,11,13,20,0,0
2024,2026,App State,true,roster_present_with_identifiable_ol,2009,2010,true,evaluable_complete_history_window,,120,120,120,120,120,119,0,0,20,20,0,10,10,15,20,0,1
2024,2032,Arkansas State,true,roster_present_with_identifiable_ol,2009,2010,true,evaluable_complete_history_window,,123,123,123,123,123,121,0,0,20,20,0,12,8,24,20,0,0
2024,2050,Ball State,true,roster_present_with_identifiable_ol,2009,2010,true,evaluable_complete_history_window,,120,120,120,120,118,118,0,0,19,19,0,15,4,26,19,0,2
2024,2084,Buffalo,true,roster_present_with_identifiable_ol,2009,2010,true,evaluable_complete_history_window,,119,119,119,119,119,119,0,0,16,16,0,8,8,22,16,0,0
2024,2116,UCF,true,roster_present_with_identifiable_ol,2009,2010,true,evaluable_complete_history_window,,119,119,119,119,117,116,0,0,20,20,0,13,7,26,20,0,2
2024,2117,Central Michigan,true,roster_present_with_identifiable_ol,2009,2010,true,evaluable_complete_history_window,,118,118,118,118,118,118,0,0,18,18,0,12,6,21,18,0,0
2024,2132,Cincinnati,true,roster_present_with_identifiable_ol,2009,2010,true,evaluable_complete_history_window,,116,116,116,116,116,115,0,0,16,16,0,11,5,18,16,0,0
2024,2199,Eastern Michigan,true,roster_present_with_identifiable_ol,2009,2010,true,evaluable_complete_history_window,,121,121,121,121,119,119,0,0,21,21,0,13,8,30,21,0,2
2024,2226,Florida Atlantic,true,roster_present_with_identifiable_ol,2009,2010,true,evaluable_complete_history_window,,117,117,117,117,114,113,0,0,23,23,0,11,12,26,23,0,3
2024,2229,Florida International,true,roster_present_with_identifiable_ol,2009,2010,true,evaluable_complete_history_window,,112,112,112,112,110,108,0,0,20,20,0,14,6,22,20,0,2
2024,2247,Georgia State,true,roster_present_with_identifiable_ol,2009,2010,true,evaluable_complete_history_window,,112,112,112,112,112,111,0,0,19,19,0,6,13,15,19,0,0
2024,2294,Iowa,true,roster_present_with_identifiable_ol,2009,2010,true,evaluable_complete_history_window,,130,130,130,130,130,130,0,0,22,22,0,17,5,43,22,0,0
2024,2305,Kansas,true,roster_present_with_identifiable_ol,2009,2010,true,evaluable_complete_history_window,,125,125,125,125,125,124,0,0,22,22,0,11,11,23,22,0,0
2024,2306,Kansas State,true,roster_present_with_identifiable_ol,2009,2010,true,evaluable_complete_history_window,,124,124,124,124,123,120,0,0,20,20,0,13,7,30,20,0,1
2024,2309,Kent State,true,roster_present_with_identifiable_ol,2009,2010,true,evaluable_complete_history_window,,116,116,116,116,113,112,0,0,14,14,0,10,4,14,14,0,3
2024,2335,Liberty,true,roster_present_with_identifiable_ol,2009,2010,true,evaluable_complete_history_window,,118,118,118,118,118,118,0,0,19,19,0,10,9,16,19,0,0
2024,2348,Louisiana Tech,true,roster_present_with_identifiable_ol,2009,2010,true,evaluable_complete_history_window,,116,116,116,116,115,115,0,0,18,18,0,11,7,21,18,0,1
2024,2390,Miami,true,roster_present_with_identifiable_ol,2009,2010,true,evaluable_complete_history_window,,126,126,126,126,122,120,0,0,19,19,0,12,7,21,19,0,4
2024,2393,Middle Tennessee,true,roster_present_with_identifiable_ol,2009,2010,true,evaluable_complete_history_window,,118,118,118,118,118,117,0,0,18,18,0,8,10,13,18,0,0
2024,2426,Navy,true,roster_present_with_identifiable_ol,2009,2010,true,evaluable_complete_history_window,,185,185,185,185,185,184,0,0,33,33,0,19,14,30,33,0,0
2024,2429,Charlotte,true,roster_present_with_identifiable_ol,2009,2010,true,evaluable_complete_history_window,,118,118,118,118,118,117,0,0,18,18,0,8,10,14,18,0,0
2024,2433,UL Monroe,true,roster_present_with_identifiable_ol,2009,2010,true,evaluable_complete_history_window,,122,122,122,122,122,119,0,0,18,18,0,7,11,14,18,0,0
2024,2439,UNLV,true,roster_present_with_identifiable_ol,2009,2010,true,evaluable_complete_history_window,,115,115,115,115,113,113,0,0,20,20,0,14,6,23,20,0,2
2024,2440,Nevada,true,roster_present_with_identifiable_ol,2009,2010,true,evaluable_complete_history_window,,110,110,110,110,110,110,0,0,16,16,0,9,7,16,16,0,0
2024,2459,Northern Illinois,true,roster_present_with_identifiable_ol,2009,2010,true,evaluable_complete_history_window,,122,122,122,122,121,121,0,0,22,22,0,16,6,40,22,0,1
2024,2483,Oregon,true,roster_present_with_identifiable_ol,2009,2010,true,evaluable_complete_history_window,,126,126,126,126,126,125,0,0,23,23,0,18,5,31,23,0,0
2024,2509,Purdue,true,roster_present_with_identifiable_ol,2009,2010,true,evaluable_complete_history_window,,121,121,121,121,121,121,0,0,23,23,0,11,12,18,23,0,0
2024,2534,Sam Houston,true,roster_present_with_identifiable_ol,2009,2010,true,evaluable_complete_history_window,,118,118,118,118,117,116,0,0,16,16,0,11,5,15,16,0,1
2024,2567,SMU,true,roster_present_with_identifiable_ol,2009,2010,true,evaluable_complete_history_window,,126,126,126,126,125,123,0,0,22,22,0,14,8,24,22,0,1
2024,2572,Southern Miss,true,roster_present_with_identifiable_ol,2009,2010,true,evaluable_complete_history_window,,115,115,115,115,115,115,0,0,15,15,0,8,7,13,15,0,0
2024,2579,South Carolina,true,roster_present_with_identifiable_ol,2009,2010,true,evaluable_complete_history_window,,120,120,120,120,120,118,0,0,20,20,0,12,8,23,20,0,0
2024,2628,TCU,true,roster_present_with_identifiable_ol,2009,2010,true,evaluable_complete_history_window,,129,129,129,129,129,129,0,0,22,22,0,11,11,19,22,0,0
2024,2633,Tennessee,true,roster_present_with_identifiable_ol,2009,2010,true,evaluable_complete_history_window,,123,123,123,123,123,123,0,0,20,20,0,13,7,30,20,0,0
2024,2636,UTSA,true,roster_present_with_identifiable_ol,2009,2010,true,evaluable_complete_history_window,,119,119,119,119,118,118,0,0,20,20,0,10,10,24,20,0,1
2024,2638,UTEP,true,roster_present_with_identifiable_ol,2009,2010,true,evaluable_complete_history_window,,111,111,111,111,109,108,0,0,18,18,0,11,7,20,18,0,2
2024,2641,Texas Tech,true,roster_present_with_identifiable_ol,2009,2010,true,evaluable_complete_history_window,,123,123,123,123,122,118,0,0,22,22,0,11,11,18,22,0,1
2024,2649,Toledo,true,roster_present_with_identifiable_ol,2009,2010,true,evaluable_complete_history_window,,119,119,119,119,119,113,0,0,20,20,0,11,9,16,20,0,0
2024,2653,Troy,true,roster_present_with_identifiable_ol,2009,2010,true,evaluable_complete_history_window,,121,121,121,121,121,120,0,0,18,18,0,10,8,13,18,0,0
2024,2655,Tulane,true,roster_present_with_identifiable_ol,2009,2010,true,evaluable_complete_history_window,,120,120,120,120,120,119,0,0,18,18,0,7,11,21,18,0,0
2024,2711,Western Michigan,true,roster_present_with_identifiable_ol,2009,2010,true,evaluable_complete_history_window,,113,113,113,113,112,112,0,0,20,20,0,12,8,31,20,0,1
2024,2751,Wyoming,true,roster_present_with_identifiable_ol,2009,2010,true,evaluable_complete_history_window,,120,120,120,120,120,120,0,0,20,20,0,14,6,26,20,0,0
2025,2,Auburn,true,roster_present_with_identifiable_ol,2009,2010,true,evaluable_complete_history_window,,116,116,116,116,116,116,0,0,20,20,0,12,8,22,20,0,4
2025,5,UAB,true,roster_present_with_identifiable_ol,2009,2010,true,evaluable_complete_history_window,,106,106,106,106,106,106,0,0,19,19,0,10,9,17,19,0,0
2025,6,South Alabama,true,roster_present_with_identifiable_ol,2009,2010,true,evaluable_complete_history_window,,117,117,117,117,117,117,0,0,22,22,0,12,10,23,22,0,0
2025,8,Arkansas,true,roster_present_with_identifiable_ol,2009,2010,true,evaluable_complete_history_window,,115,115,115,115,115,115,0,0,21,21,0,9,12,14,21,0,0
2025,9,Arizona State,true,roster_present_with_identifiable_ol,2009,2010,true,evaluable_complete_history_window,,108,108,108,108,108,108,0,0,20,20,0,10,10,15,20,0,0
2025,12,Arizona,true,roster_present_with_identifiable_ol,2009,2010,true,evaluable_complete_history_window,,111,111,111,111,111,111,0,0,21,21,0,8,13,12,21,0,0
2025,21,San Diego State,true,roster_present_with_identifiable_ol,2009,2010,true,evaluable_complete_history_window,,105,105,105,105,105,105,0,0,15,15,0,4,11,8,15,0,0
2025,23,San José State,true,roster_present_with_identifiable_ol,2009,2010,true,evaluable_complete_history_window,,103,103,103,103,103,103,0,0,24,24,0,21,3,37,24,0,0
2025,24,Stanford,true,roster_present_with_identifiable_ol,2009,2010,true,evaluable_complete_history_window,,108,108,108,108,108,108,0,0,16,16,0,9,7,16,16,0,0
2025,25,California,true,roster_present_with_identifiable_ol,2009,2010,true,evaluable_complete_history_window,,114,114,114,114,114,114,0,0,20,20,0,10,10,19,20,0,0
2025,26,UCLA,true,roster_present_with_identifiable_ol,2009,2010,true,evaluable_complete_history_window,,107,107,107,107,107,107,0,0,18,18,0,11,7,25,18,0,0
2025,30,USC,true,roster_present_with_identifiable_ol,2009,2010,true,evaluable_complete_history_window,,114,114,114,114,114,114,0,0,20,20,0,11,9,18,20,0,0
2025,36,Colorado State,true,roster_present_with_identifiable_ol,2009,2010,true,evaluable_complete_history_window,,108,108,108,108,108,108,0,0,17,17,0,10,7,17,17,0,0
2025,38,Colorado,true,roster_present_with_identifiable_ol,2009,2010,true,evaluable_complete_history_window,,105,105,105,105,105,105,0,0,17,17,0,5,12,7,17,0,1
2025,41,UConn,true,roster_present_with_identifiable_ol,2009,2010,true,evaluable_complete_history_window,,118,118,118,118,118,118,0,0,19,19,0,14,5,27,19,0,0
2025,48,Delaware,true,roster_present_with_identifiable_ol,2009,2010,true,evaluable_complete_history_window,,111,111,111,111,111,111,0,0,16,16,0,6,10,8,16,0,0
2025,52,Florida State,true,roster_present_with_identifiable_ol,2009,2010,true,evaluable_complete_history_window,,108,108,108,108,108,108,0,0,19,19,0,9,10,14,19,0,0
2025,55,Jacksonville State,true,roster_present_with_identifiable_ol,2009,2010,true,evaluable_complete_history_window,,121,121,121,121,121,121,0,0,18,18,0,11,7,14,18,0,0
2025,57,Florida,true,roster_present_with_identifiable_ol,2009,2010,true,evaluable_complete_history_window,,120,120,120,120,120,120,0,0,19,19,0,15,4,30,19,0,0
2025,58,South Florida,true,roster_present_with_identifiable_ol,2009,2010,true,evaluable_complete_history_window,,118,118,118,118,118,118,0,0,19,19,0,12,7,21,19,0,0
2025,59,Georgia Tech,true,roster_present_with_identifiable_ol,2009,2010,true,evaluable_complete_history_window,,108,108,108,108,108,108,0,0,19,19,0,10,9,17,19,0,3
2025,61,Georgia,true,roster_present_with_identifiable_ol,2009,2010,true,evaluable_complete_history_window,,132,132,132,132,132,132,0,0,20,20,0,14,6,25,20,0,0
2025,62,Hawai'i,true,roster_present_with_identifiable_ol,2009,2010,true,evaluable_complete_history_window,,113,113,113,113,113,113,0,0,18,18,0,11,7,21,18,0,0
2025,66,Iowa State,true,roster_present_with_identifiable_ol,2009,2010,true,evaluable_complete_history_window,,121,121,121,121,121,121,0,0,21,21,0,14,7,36,21,0,0
2025,68,Boise State,true,roster_present_with_identifiable_ol,2009,2010,true,evaluable_complete_history_window,,109,109,109,109,109,109,0,0,21,21,0,16,5,31,21,0,0
2025,77,Northwestern,true,roster_present_with_identifiable_ol,2009,2010,true,evaluable_complete_history_window,,112,112,112,112,112,112,0,0,19,19,0,12,7,23,19,0,0
2025,84,Indiana,true,roster_present_with_identifiable_ol,2009,2010,true,evaluable_complete_history_window,,106,106,106,106,106,106,0,0,15,15,0,9,6,19,15,0,0
2025,87,Notre Dame,true,roster_present_with_identifiable_ol,2009,2010,true,evaluable_complete_history_window,,114,114,114,114,114,114,0,0,18,18,0,14,4,25,18,0,0
2025,96,Kentucky,true,roster_present_with_identifiable_ol,2009,2010,true,evaluable_complete_history_window,,114,114,114,114,114,114,0,0,20,20,0,7,13,12,20,0,0
2025,97,Louisville,true,roster_present_with_identifiable_ol,2009,2010,true,evaluable_complete_history_window,,109,109,109,109,109,108,0,0,20,20,0,11,9,14,20,0,0
2025,98,Western Kentucky,true,roster_present_with_identifiable_ol,2009,2010,true,evaluable_complete_history_window,,104,104,104,104,104,104,0,0,15,15,0,3,12,5,15,0,0
2025,99,LSU,true,roster_present_with_identifiable_ol,2009,2010,true,evaluable_complete_history_window,,112,112,112,112,111,111,0,0,18,18,0,11,7,18,18,0,1
2025,103,Boston College,true,roster_present_with_identifiable_ol,2009,2010,true,evaluable_complete_history_window,,124,124,124,124,124,124,0,0,17,17,0,13,4,29,17,0,0
2025,113,Massachusetts,true,roster_present_with_identifiable_ol,2009,2010,true,evaluable_complete_history_window,,98,98,98,98,97,97,0,0,17,17,0,10,7,15,17,0,1
2025,120,Maryland,true,roster_present_with_identifiable_ol,2009,2010,true,evaluable_complete_history_window,,105,105,105,105,105,105,0,0,17,17,0,10,7,10,17,0,0
2025,127,Michigan State,true,roster_present_with_identifiable_ol,2009,2010,true,evaluable_complete_history_window,,120,120,120,120,120,120,0,0,21,21,0,13,8,22,21,0,1
2025,130,Michigan,true,roster_present_with_identifiable_ol,2009,2010,true,evaluable_complete_history_window,,119,119,119,119,119,119,0,0,20,20,0,14,6,28,20,0,0
2025,135,Minnesota,true,roster_present_with_identifiable_ol,2009,2010,true,evaluable_complete_history_window,,110,110,110,110,110,110,0,0,17,17,0,9,8,18,17,0,0
2025,142,Missouri,true,roster_present_with_identifiable_ol,2009,2010,true,evaluable_complete_history_window,,108,108,108,108,108,105,0,0,19,19,0,11,8,20,19,0,0
2025,145,Ole Miss,true,roster_present_with_identifiable_ol,2009,2010,true,evaluable_complete_history_window,,119,119,119,119,119,119,0,0,18,18,0,8,10,13,18,0,0
2025,150,Duke,true,roster_present_with_identifiable_ol,2009,2010,true,evaluable_complete_history_window,,103,103,103,103,103,103,0,0,19,19,0,11,8,20,19,0,0
2025,151,East Carolina,true,roster_present_with_identifiable_ol,2009,2010,true,evaluable_complete_history_window,,124,124,124,124,124,124,0,0,23,23,0,10,13,19,23,0,0
2025,152,NC State,true,roster_present_with_identifiable_ol,2009,2010,true,evaluable_complete_history_window,,126,126,126,126,126,126,0,0,22,22,0,12,10,30,22,0,1
2025,153,North Carolina,true,roster_present_with_identifiable_ol,2009,2010,true,evaluable_complete_history_window,,109,109,109,109,108,108,0,0,17,17,0,6,11,10,17,0,1
2025,154,Wake Forest,true,roster_present_with_identifiable_ol,2009,2010,true,evaluable_complete_history_window,,121,121,121,121,121,115,0,0,20,20,0,9,11,20,20,0,0
2025,158,Nebraska,true,roster_present_with_identifiable_ol,2009,2010,true,evaluable_complete_history_window,,125,125,125,125,125,125,0,0,22,22,0,16,6,34,22,0,0
2025,164,Rutgers,true,roster_present_with_identifiable_ol,2009,2010,true,evaluable_complete_history_window,,133,133,133,133,133,133,0,0,24,24,0,15,9,38,24,0,0
2025,166,New Mexico State,true,roster_present_with_identifiable_ol,2009,2010,true,evaluable_complete_history_window,,108,108,108,108,108,108,0,0,18,18,0,6,12,11,18,0,0
2025,167,New Mexico,true,roster_present_with_identifiable_ol,2009,2010,true,evaluable_complete_history_window,,109,109,109,109,109,109,0,0,22,22,0,8,14,11,22,0,0
2025,183,Syracuse,true,roster_present_with_identifiable_ol,2009,2010,true,evaluable_complete_history_window,,127,127,127,127,127,127,0,0,24,24,0,9,15,23,24,0,1
2025,189,Bowling Green,true,roster_present_with_identifiable_ol,2009,2010,true,evaluable_complete_history_window,,108,108,108,108,108,108,0,0,16,16,0,10,6,25,16,0,0
2025,193,Miami (OH),true,roster_present_with_identifiable_ol,2009,2010,true,evaluable_complete_history_window,,112,112,112,112,112,112,0,0,16,16,0,10,6,22,16,0,0
2025,194,Ohio State,true,roster_present_with_identifiable_ol,2009,2010,true,evaluable_complete_history_window,,120,120,120,120,120,120,0,0,19,19,0,10,9,18,19,0,0
2025,195,Ohio,true,roster_present_with_identifiable_ol,2009,2010,true,evaluable_complete_history_window,,112,112,112,112,112,112,0,0,18,18,0,12,6,24,18,0,0
2025,197,Oklahoma State,true,roster_present_with_identifiable_ol,2009,2010,true,evaluable_complete_history_window,,115,115,115,115,115,114,0,0,21,21,0,10,11,19,21,0,0
2025,201,Oklahoma,true,roster_present_with_identifiable_ol,2009,2010,true,evaluable_complete_history_window,,111,111,111,111,111,111,0,0,19,19,0,11,8,20,19,0,0
2025,202,Tulsa,true,roster_present_with_identifiable_ol,2009,2010,true,evaluable_complete_history_window,,107,107,107,107,106,105,0,0,18,18,0,6,12,8,18,0,1
2025,204,Oregon State,true,roster_present_with_identifiable_ol,2009,2010,true,evaluable_complete_history_window,,115,115,115,115,115,114,0,0,21,21,0,14,7,29,21,0,0
2025,213,Penn State,true,roster_present_with_identifiable_ol,2009,2010,true,evaluable_complete_history_window,,127,127,127,127,127,127,0,0,24,24,0,17,7,38,24,0,0
2025,218,Temple,true,roster_present_with_identifiable_ol,2009,2010,true,evaluable_complete_history_window,,116,116,116,116,115,115,0,0,18,18,0,14,4,28,18,0,1
2025,221,Pittsburgh,true,roster_present_with_identifiable_ol,2009,2010,true,evaluable_complete_history_window,,116,116,116,116,116,116,0,0,19,19,0,10,9,18,19,0,0
2025,228,Clemson,true,roster_present_with_identifiable_ol,2009,2010,true,evaluable_complete_history_window,,126,126,126,126,126,126,0,0,22,22,0,15,7,37,22,0,0
2025,235,Memphis,true,roster_present_with_identifiable_ol,2009,2010,true,evaluable_complete_history_window,,121,121,121,121,121,121,0,0,20,20,0,8,12,12,20,0,0
2025,238,Vanderbilt,true,roster_present_with_identifiable_ol,2009,2010,true,evaluable_complete_history_window,,113,113,113,113,113,113,0,0,18,18,0,11,7,23,18,0,0
2025,239,Baylor,true,roster_present_with_identifiable_ol,2009,2010,true,evaluable_complete_history_window,,117,117,117,117,117,117,0,0,18,18,0,12,6,22,18,0,1
2025,242,Rice,true,roster_present_with_identifiable_ol,2009,2010,true,evaluable_complete_history_window,,107,107,107,107,106,106,0,0,19,19,0,12,7,26,19,0,1
2025,245,Texas A&M,true,roster_present_with_identifiable_ol,2009,2010,true,evaluable_complete_history_window,,133,133,133,133,133,133,0,0,20,20,0,14,6,25,20,0,0
2025,248,Houston,true,roster_present_with_identifiable_ol,2009,2010,true,evaluable_complete_history_window,,111,111,111,111,111,111,0,0,17,17,0,8,9,12,17,0,0
2025,249,North Texas,true,roster_present_with_identifiable_ol,2009,2010,true,evaluable_complete_history_window,,115,115,115,115,115,115,0,0,21,21,0,9,12,16,21,0,0
2025,251,Texas,true,roster_present_with_identifiable_ol,2009,2010,true,evaluable_complete_history_window,,111,111,111,111,111,111,0,0,18,18,0,14,4,30,18,0,0
2025,252,BYU,true,roster_present_with_identifiable_ol,2009,2010,true,evaluable_complete_history_window,,115,115,115,115,115,115,0,0,19,19,0,12,7,21,19,0,0
2025,254,Utah,true,roster_present_with_identifiable_ol,2009,2010,true,evaluable_complete_history_window,,116,116,116,116,116,116,0,0,18,18,0,12,6,36,18,0,0
2025,256,James Madison,true,roster_present_with_identifiable_ol,2009,2010,true,evaluable_complete_history_window,,113,113,113,113,113,112,0,0,20,20,0,11,9,21,20,0,0
2025,258,Virginia,true,roster_present_with_identifiable_ol,2009,2010,true,evaluable_complete_history_window,,123,123,123,123,123,123,0,0,25,25,0,14,11,27,25,0,0
2025,259,Virginia Tech,true,roster_present_with_identifiable_ol,2009,2010,true,evaluable_complete_history_window,,113,113,113,113,112,112,0,0,16,16,0,8,8,14,16,0,1
2025,264,Washington,true,roster_present_with_identifiable_ol,2009,2010,true,evaluable_complete_history_window,,105,105,105,105,105,104,0,0,18,18,0,12,6,21,18,0,0
2025,265,Washington State,true,roster_present_with_identifiable_ol,2009,2010,true,evaluable_complete_history_window,,119,119,119,119,119,119,0,0,20,20,0,9,11,20,20,0,0
2025,275,Wisconsin,true,roster_present_with_identifiable_ol,2009,2010,true,evaluable_complete_history_window,,116,116,116,116,116,116,0,0,21,21,0,15,6,32,21,0,0
2025,276,Marshall,true,roster_present_with_identifiable_ol,2009,2010,true,evaluable_complete_history_window,,106,106,106,106,106,106,0,0,20,20,0,6,14,13,20,0,0
2025,277,West Virginia,true,roster_present_with_identifiable_ol,2009,2010,true,evaluable_complete_history_window,,125,125,125,125,125,125,0,0,21,21,0,7,14,11,21,0,0
2025,278,Fresno State,true,roster_present_with_identifiable_ol,2009,2010,true,evaluable_complete_history_window,,113,113,113,113,113,113,0,0,20,20,0,12,8,30,20,0,0
2025,290,Georgia Southern,true,roster_present_with_identifiable_ol,2009,2010,true,evaluable_complete_history_window,,117,117,117,117,117,117,0,0,20,20,0,15,5,30,20,0,0
2025,295,Old Dominion,true,roster_present_with_identifiable_ol,2009,2010,true,evaluable_complete_history_window,,113,113,113,113,113,113,0,0,19,19,0,11,8,23,19,0,0
2025,309,Louisiana,true,roster_present_with_identifiable_ol,2009,2010,true,evaluable_complete_history_window,,108,108,108,108,107,107,0,0,18,18,0,15,3,36,18,0,1
2025,324,Coastal Carolina,true,roster_present_with_identifiable_ol,2009,2010,true,evaluable_complete_history_window,,108,108,108,108,107,107,0,0,18,18,0,11,7,21,18,0,1
2025,326,Texas State,true,roster_present_with_identifiable_ol,2009,2010,true,evaluable_complete_history_window,,112,112,112,112,112,112,0,0,19,19,0,10,9,15,19,0,0
2025,328,Utah State,true,roster_present_with_identifiable_ol,2009,2010,true,evaluable_complete_history_window,,109,109,109,109,109,88,0,0,18,18,0,10,8,19,18,0,0
2025,333,Alabama,true,roster_present_with_identifiable_ol,2009,2010,true,evaluable_complete_history_window,,127,127,127,127,126,126,0,0,24,24,0,17,7,29,24,0,1
2025,338,Kennesaw State,true,roster_present_with_identifiable_ol,2009,2010,true,evaluable_complete_history_window,,101,101,101,101,101,101,0,0,17,17,0,4,13,6,17,0,0
2025,344,Mississippi State,true,roster_present_with_identifiable_ol,2009,2010,true,evaluable_complete_history_window,,119,119,119,119,118,118,0,0,20,20,0,8,12,15,20,0,2
2025,349,Army,true,roster_present_with_identifiable_ol,2009,2010,true,evaluable_complete_history_window,,180,180,180,180,180,179,0,0,36,36,0,24,12,42,36,0,3
2025,356,Illinois,true,roster_present_with_identifiable_ol,2009,2010,true,evaluable_complete_history_window,,118,118,118,118,118,116,0,0,19,19,0,12,7,21,19,0,0
2025,2005,Air Force,true,roster_present_with_identifiable_ol,2009,2010,true,evaluable_complete_history_window,,141,141,141,141,141,141,0,0,29,29,0,16,13,24,29,0,0
2025,2006,Akron,true,roster_present_with_identifiable_ol,2009,2010,true,evaluable_complete_history_window,,104,104,104,104,104,104,0,0,19,19,0,11,8,20,19,0,0
2025,2026,App State,true,roster_present_with_identifiable_ol,2009,2010,true,evaluable_complete_history_window,,113,113,113,113,113,112,0,0,18,18,0,10,8,18,18,0,3
2025,2032,Arkansas State,true,roster_present_with_identifiable_ol,2009,2010,true,evaluable_complete_history_window,,123,123,123,123,123,120,0,0,20,20,0,10,10,21,20,0,0
2025,2050,Ball State,true,roster_present_with_identifiable_ol,2009,2010,true,evaluable_complete_history_window,,109,109,109,109,109,109,0,0,19,19,0,9,10,17,19,0,0
2025,2084,Buffalo,true,roster_present_with_identifiable_ol,2009,2010,true,evaluable_complete_history_window,,114,114,114,114,114,114,0,0,18,18,0,12,6,21,18,0,0
2025,2116,UCF,true,roster_present_with_identifiable_ol,2009,2010,true,evaluable_complete_history_window,,112,112,112,112,112,112,0,0,24,24,0,11,13,26,24,0,0
2025,2117,Central Michigan,true,roster_present_with_identifiable_ol,2009,2010,true,evaluable_complete_history_window,,107,107,107,107,107,107,0,0,17,17,0,10,7,18,17,0,2
2025,2132,Cincinnati,true,roster_present_with_identifiable_ol,2009,2010,true,evaluable_complete_history_window,,110,110,110,110,110,110,0,0,17,17,0,11,6,21,17,0,0
2025,2199,Eastern Michigan,true,roster_present_with_identifiable_ol,2009,2010,true,evaluable_complete_history_window,,113,113,113,113,113,113,0,0,19,19,0,13,6,27,19,0,0
2025,2226,Florida Atlantic,true,roster_present_with_identifiable_ol,2009,2010,true,evaluable_complete_history_window,,110,110,110,110,110,110,0,0,22,22,0,13,9,22,22,0,0
2025,2229,Florida International,true,roster_present_with_identifiable_ol,2009,2010,true,evaluable_complete_history_window,,108,108,108,108,108,108,0,0,21,21,0,10,11,18,21,0,0
2025,2247,Georgia State,true,roster_present_with_identifiable_ol,2009,2010,true,evaluable_complete_history_window,,122,122,122,122,122,122,0,0,19,19,0,5,14,11,19,0,0
2025,2294,Iowa,true,roster_present_with_identifiable_ol,2009,2010,true,evaluable_complete_history_window,,109,109,109,109,109,109,0,0,18,18,0,14,4,35,18,0,0
2025,2305,Kansas,true,roster_present_with_identifiable_ol,2009,2010,true,evaluable_complete_history_window,,112,112,112,112,112,112,0,0,20,20,0,13,7,24,20,0,0
2025,2306,Kansas State,true,roster_present_with_identifiable_ol,2009,2010,true,evaluable_complete_history_window,,110,110,110,110,110,110,0,0,20,20,0,12,8,30,20,0,0
2025,2309,Kent State,true,roster_present_with_identifiable_ol,2009,2010,true,evaluable_complete_history_window,,104,104,104,104,103,103,0,0,15,15,0,5,10,12,15,0,1
2025,2335,Liberty,true,roster_present_with_identifiable_ol,2009,2010,true,evaluable_complete_history_window,,107,107,107,107,107,107,0,0,19,19,0,11,8,23,19,0,0
2025,2348,Louisiana Tech,true,roster_present_with_identifiable_ol,2009,2010,true,evaluable_complete_history_window,,107,107,107,107,107,107,0,0,18,18,0,11,7,22,18,0,0
2025,2390,Miami,true,roster_present_with_identifiable_ol,2009,2010,true,evaluable_complete_history_window,,122,122,122,122,121,121,0,0,18,18,0,12,6,24,18,0,1
2025,2393,Middle Tennessee,true,roster_present_with_identifiable_ol,2009,2010,true,evaluable_complete_history_window,,113,113,113,113,113,113,0,0,18,18,0,6,12,9,18,0,0
2025,2426,Navy,true,roster_present_with_identifiable_ol,2009,2010,true,evaluable_complete_history_window,,194,194,194,194,194,194,0,0,33,33,0,20,13,33,33,0,0
2025,2429,Charlotte,true,roster_present_with_identifiable_ol,2009,2010,true,evaluable_complete_history_window,,109,109,109,109,109,109,0,0,19,19,0,9,10,19,19,0,4
2025,2433,UL Monroe,true,roster_present_with_identifiable_ol,2009,2010,true,evaluable_complete_history_window,,102,102,102,102,100,100,0,0,15,15,0,11,4,22,15,0,2
2025,2439,UNLV,true,roster_present_with_identifiable_ol,2009,2010,true,evaluable_complete_history_window,,110,110,110,110,110,110,0,0,17,17,0,8,9,14,17,0,0
2025,2440,Nevada,true,roster_present_with_identifiable_ol,2009,2010,true,evaluable_complete_history_window,,107,107,107,107,107,107,0,0,18,18,0,8,10,14,18,0,0
2025,2459,Northern Illinois,true,roster_present_with_identifiable_ol,2009,2010,true,evaluable_complete_history_window,,113,113,113,113,113,112,0,0,19,19,0,13,6,24,19,0,0
2025,2483,Oregon,true,roster_present_with_identifiable_ol,2009,2010,true,evaluable_complete_history_window,,112,112,112,112,112,112,0,0,20,20,0,13,7,25,20,0,0
2025,2509,Purdue,true,roster_present_with_identifiable_ol,2009,2010,true,evaluable_complete_history_window,,121,121,121,121,121,121,0,0,20,20,0,7,13,12,20,0,0
2025,2534,Sam Houston,true,roster_present_with_identifiable_ol,2009,2010,true,evaluable_complete_history_window,,105,105,105,105,105,104,0,0,16,16,0,8,8,14,16,0,0
2025,2567,SMU,true,roster_present_with_identifiable_ol,2009,2010,true,evaluable_complete_history_window,,118,118,118,118,118,117,0,0,20,20,0,13,7,21,20,0,1
2025,2572,Southern Miss,true,roster_present_with_identifiable_ol,2009,2010,true,evaluable_complete_history_window,,111,111,111,111,111,111,0,0,18,18,0,4,14,5,18,0,0
2025,2579,South Carolina,true,roster_present_with_identifiable_ol,2009,2010,true,evaluable_complete_history_window,,114,114,114,114,114,114,0,0,19,19,0,13,6,26,19,0,0
2025,2623,Missouri State,true,roster_present_with_identifiable_ol,2009,2010,true,evaluable_complete_history_window,,105,105,105,105,105,105,0,0,17,17,0,3,14,3,17,0,0
2025,2628,TCU,true,roster_present_with_identifiable_ol,2009,2010,true,evaluable_complete_history_window,,117,117,117,117,117,117,0,0,19,19,0,12,7,19,19,0,0
2025,2633,Tennessee,true,roster_present_with_identifiable_ol,2009,2010,true,evaluable_complete_history_window,,110,110,110,110,110,110,0,0,16,16,0,10,6,15,16,0,0
2025,2636,UTSA,true,roster_present_with_identifiable_ol,2009,2010,true,evaluable_complete_history_window,,120,120,120,120,120,120,0,0,20,20,0,15,5,29,20,0,0
2025,2638,UTEP,true,roster_present_with_identifiable_ol,2009,2010,true,evaluable_complete_history_window,,120,120,120,120,120,119,0,0,18,18,0,10,8,26,18,0,0
2025,2641,Texas Tech,true,roster_present_with_identifiable_ol,2009,2010,true,evaluable_complete_history_window,,111,111,111,111,111,110,0,0,20,20,0,10,10,15,20,0,0
2025,2649,Toledo,true,roster_present_with_identifiable_ol,2009,2010,true,evaluable_complete_history_window,,119,119,119,119,119,119,0,0,20,20,0,11,9,19,20,0,0
2025,2653,Troy,true,roster_present_with_identifiable_ol,2009,2010,true,evaluable_complete_history_window,,107,107,107,107,107,106,0,0,20,20,0,10,10,19,20,0,0
2025,2655,Tulane,true,roster_present_with_identifiable_ol,2009,2010,true,evaluable_complete_history_window,,117,117,117,117,117,117,0,0,20,20,0,12,8,16,20,0,0
2025,2711,Western Michigan,true,roster_present_with_identifiable_ol,2009,2010,true,evaluable_complete_history_window,,107,107,107,107,107,107,0,0,18,18,0,10,8,20,18,0,2
2025,2751,Wyoming,true,roster_present_with_identifiable_ol,2009,2010,true,evaluable_complete_history_window,,116,116,116,116,116,116,0,0,19,19,0,14,5,31,19,0,0
2026,2,Auburn,true,roster_present_with_identifiable_ol,2009,2010,true,evaluable_complete_history_window,,112,112,112,112,112,112,0,0,20,20,0,6,14,9,20,0,0
2026,5,UAB,true,roster_present_with_identifiable_ol,2009,2010,true,evaluable_complete_history_window,,107,107,107,107,107,107,0,0,17,17,0,10,7,18,17,0,0
2026,6,South Alabama,true,roster_present_with_identifiable_ol,2009,2010,true,evaluable_complete_history_window,,116,116,116,116,116,116,0,0,20,20,0,8,12,14,20,0,0
2026,8,Arkansas,true,roster_present_with_identifiable_ol,2009,2010,true,evaluable_complete_history_window,,120,120,120,120,120,120,0,0,22,22,0,9,13,17,22,0,0
2026,9,Arizona State,true,roster_present_with_identifiable_ol,2009,2010,true,evaluable_complete_history_window,,107,107,107,107,107,107,0,0,21,21,0,13,8,18,21,0,0
2026,12,Arizona,true,roster_present_with_identifiable_ol,2009,2010,true,evaluable_complete_history_window,,109,109,109,109,109,109,0,0,16,16,0,11,5,18,16,0,0
2026,16,Sacramento State,true,roster_present_with_identifiable_ol,2009,2010,true,evaluable_complete_history_window,,116,116,116,116,116,116,0,0,20,20,0,10,10,11,20,0,0
2026,21,San Diego State,true,roster_present_with_identifiable_ol,2009,2010,true,evaluable_complete_history_window,,112,112,112,112,112,112,0,0,19,19,0,7,12,8,19,0,0
2026,23,San José State,true,roster_present_with_identifiable_ol,2009,2010,true,evaluable_complete_history_window,,102,102,102,102,102,102,0,0,17,17,0,9,8,19,17,0,0
2026,24,Stanford,true,roster_present_with_identifiable_ol,2009,2010,true,evaluable_complete_history_window,,113,113,113,113,113,113,0,0,18,18,0,13,5,25,18,0,0
2026,25,California,true,roster_present_with_identifiable_ol,2009,2010,true,evaluable_complete_history_window,,112,112,112,112,112,112,0,0,20,20,0,10,10,19,20,0,0
2026,26,UCLA,true,roster_present_with_identifiable_ol,2009,2010,true,evaluable_complete_history_window,,120,120,120,120,120,120,0,0,23,23,0,8,15,17,23,0,0
2026,30,USC,true,roster_present_with_identifiable_ol,2009,2010,true,evaluable_complete_history_window,,127,127,127,127,127,127,0,0,22,22,0,14,8,27,22,0,0
2026,36,Colorado State,true,roster_present_with_identifiable_ol,2009,2010,true,evaluable_complete_history_window,,114,114,114,114,114,114,0,0,18,18,0,7,11,10,18,0,0
2026,38,Colorado,true,roster_present_with_identifiable_ol,2009,2010,true,evaluable_complete_history_window,,106,106,106,106,106,106,0,0,17,17,0,6,11,8,17,0,0
2026,41,UConn,true,roster_present_with_identifiable_ol,2009,2010,true,evaluable_complete_history_window,,115,115,115,115,115,115,0,0,19,19,0,7,12,9,19,0,0
2026,48,Delaware,true,roster_present_with_identifiable_ol,2009,2010,true,evaluable_complete_history_window,,106,106,106,106,106,106,0,0,16,16,0,10,6,11,16,0,0
2026,52,Florida State,true,roster_present_with_identifiable_ol,2009,2010,true,evaluable_complete_history_window,,109,109,109,109,109,109,0,0,18,18,0,6,12,10,18,0,0
2026,55,Jacksonville State,true,roster_present_with_identifiable_ol,2009,2010,true,evaluable_complete_history_window,,131,131,131,131,131,131,0,0,24,24,0,11,13,17,24,0,0
2026,57,Florida,true,roster_present_with_identifiable_ol,2009,2010,true,evaluable_complete_history_window,,117,117,117,117,117,117,0,0,20,20,0,10,10,21,20,0,0
2026,58,South Florida,true,roster_present_with_identifiable_ol,2009,2010,true,evaluable_complete_history_window,,113,113,113,113,113,113,0,0,18,18,0,9,9,14,18,0,0
2026,59,Georgia Tech,true,roster_present_with_identifiable_ol,2009,2010,true,evaluable_complete_history_window,,108,108,108,108,108,108,0,0,19,19,0,12,7,17,19,0,0
2026,61,Georgia,true,roster_present_with_identifiable_ol,2009,2010,true,evaluable_complete_history_window,,128,128,128,128,128,128,0,0,21,21,0,15,6,29,21,0,0
2026,62,Hawai'i,true,roster_present_with_identifiable_ol,2009,2010,true,evaluable_complete_history_window,,109,109,109,109,109,109,0,0,19,19,0,12,7,23,19,0,0
2026,66,Iowa State,true,roster_present_with_identifiable_ol,2009,2010,true,evaluable_complete_history_window,,126,126,126,126,126,126,0,0,20,20,0,6,14,14,20,0,0
2026,68,Boise State,true,roster_present_with_identifiable_ol,2009,2010,true,evaluable_complete_history_window,,113,113,113,113,113,113,0,0,20,20,0,12,8,25,20,0,0
2026,77,Northwestern,true,roster_present_with_identifiable_ol,2009,2010,true,evaluable_complete_history_window,,124,124,124,124,124,124,0,0,21,21,0,10,11,24,21,0,0
2026,84,Indiana,true,roster_present_with_identifiable_ol,2009,2010,true,evaluable_complete_history_window,,105,105,105,105,105,105,0,0,16,16,0,9,7,19,16,0,0
2026,87,Notre Dame,true,roster_present_with_identifiable_ol,2009,2010,true,evaluable_complete_history_window,,113,113,113,113,113,113,0,0,22,22,0,16,6,35,22,0,0
2026,96,Kentucky,true,roster_present_with_identifiable_ol,2009,2010,true,evaluable_complete_history_window,,111,111,111,111,111,111,0,0,22,22,0,10,12,16,22,0,0
2026,97,Louisville,true,roster_present_with_identifiable_ol,2009,2010,true,evaluable_complete_history_window,,108,108,108,108,108,97,0,0,19,19,0,9,10,16,19,0,0
2026,98,Western Kentucky,true,roster_present_with_identifiable_ol,2009,2010,true,evaluable_complete_history_window,,109,109,109,109,109,109,0,0,17,17,0,4,13,4,17,0,0
2026,99,LSU,true,roster_present_with_identifiable_ol,2009,2010,true,evaluable_complete_history_window,,113,113,113,113,113,113,0,0,20,20,0,8,12,16,20,0,0
2026,103,Boston College,true,roster_present_with_identifiable_ol,2009,2010,true,evaluable_complete_history_window,,123,123,123,123,123,123,0,0,19,19,0,8,11,14,19,0,0
2026,113,Massachusetts,true,roster_present_with_identifiable_ol,2009,2010,true,evaluable_complete_history_window,,102,102,102,102,102,102,0,0,18,18,0,9,9,18,18,0,0
2026,120,Maryland,true,roster_present_with_identifiable_ol,2009,2010,true,evaluable_complete_history_window,,109,109,109,109,109,109,0,0,20,20,0,15,5,23,20,0,0
2026,127,Michigan State,true,roster_present_with_identifiable_ol,2009,2010,true,evaluable_complete_history_window,,111,111,111,111,111,111,0,0,16,16,0,7,9,10,16,0,0
2026,130,Michigan,true,roster_present_with_identifiable_ol,2009,2010,true,evaluable_complete_history_window,,118,118,118,118,118,118,0,0,19,19,0,13,6,29,19,0,0
2026,135,Minnesota,true,roster_present_with_identifiable_ol,2009,2010,true,evaluable_complete_history_window,,113,113,113,113,113,113,0,0,17,17,0,11,6,23,17,0,0
2026,142,Missouri,true,roster_present_with_identifiable_ol,2009,2010,true,evaluable_complete_history_window,,113,113,113,113,113,113,0,0,19,19,0,10,9,22,19,0,0
2026,145,Ole Miss,true,roster_present_with_identifiable_ol,2009,2010,true,evaluable_complete_history_window,,121,121,121,121,121,121,0,0,18,18,0,10,8,15,18,0,0
2026,150,Duke,true,roster_present_with_identifiable_ol,2009,2010,true,evaluable_complete_history_window,,102,102,102,102,102,102,0,0,17,17,0,14,3,25,17,0,0
2026,151,East Carolina,true,roster_present_with_identifiable_ol,2009,2010,true,evaluable_complete_history_window,,120,120,120,120,120,120,0,0,23,23,0,10,13,18,23,0,0
2026,152,NC State,true,roster_present_with_identifiable_ol,2009,2010,true,evaluable_complete_history_window,,127,127,127,127,127,127,0,0,23,23,0,13,10,23,23,0,0
2026,153,North Carolina,true,roster_present_with_identifiable_ol,2009,2010,true,evaluable_complete_history_window,,111,111,111,111,111,111,0,0,19,19,0,7,12,9,19,0,0
2026,154,Wake Forest,true,roster_present_with_identifiable_ol,2009,2010,true,evaluable_complete_history_window,,116,116,116,116,116,116,0,0,21,21,0,12,9,24,21,0,0
2026,158,Nebraska,true,roster_present_with_identifiable_ol,2009,2010,true,evaluable_complete_history_window,,117,117,117,117,117,111,0,0,20,20,0,14,6,33,20,0,0
2026,164,Rutgers,true,roster_present_with_identifiable_ol,2009,2010,true,evaluable_complete_history_window,,134,134,134,134,134,134,0,0,26,26,0,17,9,38,26,0,0
2026,166,New Mexico State,true,roster_present_with_identifiable_ol,2009,2010,true,evaluable_complete_history_window,,105,105,105,105,105,105,0,0,17,17,0,10,7,16,17,0,0
2026,167,New Mexico,true,roster_present_with_identifiable_ol,2009,2010,true,evaluable_complete_history_window,,115,115,115,115,115,115,0,0,19,19,0,10,9,14,19,0,0
2026,183,Syracuse,true,roster_present_with_identifiable_ol,2009,2010,true,evaluable_complete_history_window,,112,112,112,112,112,112,0,0,23,23,0,17,6,26,23,0,0
2026,189,Bowling Green,true,roster_present_with_identifiable_ol,2009,2010,true,evaluable_complete_history_window,,106,106,106,106,106,106,0,0,16,16,0,10,6,17,16,0,0
2026,193,Miami (OH),true,roster_present_with_identifiable_ol,2009,2010,true,evaluable_complete_history_window,,121,121,121,121,121,121,0,0,18,18,0,10,8,22,18,0,0
2026,194,Ohio State,true,roster_present_with_identifiable_ol,2009,2010,true,evaluable_complete_history_window,,119,119,119,119,119,119,0,0,20,20,0,13,7,27,20,0,0
2026,195,Ohio,true,roster_present_with_identifiable_ol,2009,2010,true,evaluable_complete_history_window,,106,106,106,106,105,105,0,0,17,17,0,7,10,14,17,0,1
2026,197,Oklahoma State,true,roster_present_with_identifiable_ol,2009,2010,true,evaluable_complete_history_window,,115,115,115,115,115,115,0,0,20,20,0,6,14,11,20,0,0
2026,201,Oklahoma,true,roster_present_with_identifiable_ol,2009,2010,true,evaluable_complete_history_window,,111,111,111,111,111,111,0,0,18,18,0,12,6,21,18,0,0
2026,202,Tulsa,true,roster_present_with_identifiable_ol,2009,2010,true,evaluable_complete_history_window,,111,111,111,111,111,111,0,0,20,20,0,12,8,17,20,0,0
2026,204,Oregon State,true,roster_present_with_identifiable_ol,2009,2010,true,evaluable_complete_history_window,,109,109,109,109,109,109,0,0,18,18,0,10,8,21,18,0,0
2026,213,Penn State,true,roster_present_with_identifiable_ol,2009,2010,true,evaluable_complete_history_window,,112,112,112,112,112,112,0,0,20,20,0,11,9,26,20,0,0
2026,218,Temple,true,roster_present_with_identifiable_ol,2009,2010,true,evaluable_complete_history_window,,119,119,119,119,119,119,0,0,19,19,0,10,9,23,19,0,0
2026,221,Pittsburgh,true,roster_present_with_identifiable_ol,2009,2010,true,evaluable_complete_history_window,,113,113,113,113,112,112,0,0,20,20,0,14,6,26,20,0,1
2026,228,Clemson,true,roster_present_with_identifiable_ol,2009,2010,true,evaluable_complete_history_window,,121,121,121,121,121,121,0,0,21,21,0,14,7,33,21,0,0
2026,235,Memphis,true,roster_present_with_identifiable_ol,2009,2010,true,evaluable_complete_history_window,,108,108,108,108,108,108,0,0,16,16,0,3,13,3,16,0,0
2026,238,Vanderbilt,true,roster_present_with_identifiable_ol,2009,2010,true,evaluable_complete_history_window,,117,117,117,117,117,117,0,0,18,18,0,9,9,21,18,0,0
2026,239,Baylor,true,roster_present_with_identifiable_ol,2009,2010,true,evaluable_complete_history_window,,112,112,112,112,112,112,0,0,20,20,0,8,12,15,20,0,0
2026,242,Rice,true,roster_present_with_identifiable_ol,2009,2010,true,evaluable_complete_history_window,,103,103,103,103,103,103,0,0,17,17,0,11,6,21,17,0,0
2026,245,Texas A&M,true,roster_present_with_identifiable_ol,2009,2010,true,evaluable_complete_history_window,,119,119,119,119,119,119,0,0,17,17,0,9,8,16,17,0,0
2026,248,Houston,true,roster_present_with_identifiable_ol,2009,2010,true,evaluable_complete_history_window,,116,116,116,116,116,116,0,0,17,17,0,9,8,12,17,0,0
2026,249,North Texas,true,roster_present_with_identifiable_ol,2009,2010,true,evaluable_complete_history_window,,108,108,108,108,108,108,0,0,18,18,0,8,10,13,18,0,0
2026,251,Texas,true,roster_present_with_identifiable_ol,2009,2010,true,evaluable_complete_history_window,,111,111,111,111,111,111,0,0,19,19,0,11,8,28,19,0,0
2026,252,BYU,true,roster_present_with_identifiable_ol,2009,2010,true,evaluable_complete_history_window,,118,118,118,118,118,118,0,0,19,19,0,11,8,22,19,0,0
2026,254,Utah,true,roster_present_with_identifiable_ol,2009,2010,true,evaluable_complete_history_window,,112,112,112,112,112,112,0,0,19,19,0,10,9,28,19,0,0
2026,256,James Madison,true,roster_present_with_identifiable_ol,2009,2010,true,evaluable_complete_history_window,,109,109,109,109,109,109,0,0,18,18,0,8,10,13,18,0,0
2026,258,Virginia,true,roster_present_with_identifiable_ol,2009,2010,true,evaluable_complete_history_window,,121,121,121,121,121,121,0,0,20,20,0,15,5,32,20,0,0
2026,259,Virginia Tech,true,roster_present_with_identifiable_ol,2009,2010,true,evaluable_complete_history_window,,122,122,122,122,122,113,0,0,22,22,0,11,11,23,22,0,0
2026,264,Washington,true,roster_present_with_identifiable_ol,2009,2010,true,evaluable_complete_history_window,,101,101,101,101,101,100,0,0,17,17,0,13,4,29,17,0,0
2026,265,Washington State,true,roster_present_with_identifiable_ol,2009,2010,true,evaluable_complete_history_window,,105,105,105,105,105,105,0,0,18,18,0,15,3,26,18,0,0
2026,275,Wisconsin,true,roster_present_with_identifiable_ol,2009,2010,true,evaluable_complete_history_window,,117,117,117,117,117,117,0,0,19,19,0,12,7,22,19,0,0
2026,276,Marshall,true,roster_present_with_identifiable_ol,2009,2010,true,evaluable_complete_history_window,,105,105,105,105,105,105,0,0,21,21,0,11,10,19,21,0,0
2026,277,West Virginia,true,roster_present_with_identifiable_ol,2009,2010,true,evaluable_complete_history_window,,123,123,123,123,123,123,0,0,19,19,0,7,12,14,19,0,0
2026,278,Fresno State,true,roster_present_with_identifiable_ol,2009,2010,true,evaluable_complete_history_window,,118,118,118,118,118,118,0,0,18,18,0,13,5,21,18,0,0
2026,290,Georgia Southern,true,roster_present_with_identifiable_ol,2009,2010,true,evaluable_complete_history_window,,122,122,122,122,122,122,0,0,19,19,0,12,7,26,19,0,0
2026,295,Old Dominion,true,roster_present_with_identifiable_ol,2009,2010,true,evaluable_complete_history_window,,110,110,110,110,110,110,0,0,18,18,0,5,13,7,18,0,0
2026,309,Louisiana,true,roster_present_with_identifiable_ol,2009,2010,true,evaluable_complete_history_window,,105,105,105,105,105,105,0,0,22,22,0,13,9,32,22,0,0
2026,324,Coastal Carolina,true,roster_present_with_identifiable_ol,2009,2010,true,evaluable_complete_history_window,,104,104,104,104,104,104,0,0,16,16,0,6,10,8,16,0,0
2026,326,Texas State,true,roster_present_with_identifiable_ol,2009,2010,true,evaluable_complete_history_window,,109,109,109,109,109,109,0,0,20,20,0,11,9,19,20,0,0
2026,328,Utah State,true,roster_present_with_identifiable_ol,2009,2010,true,evaluable_complete_history_window,,147,147,147,147,147,99,0,0,26,26,0,15,11,31,26,0,0
2026,333,Alabama,true,roster_present_with_identifiable_ol,2009,2010,true,evaluable_complete_history_window,,127,127,127,127,127,127,0,0,21,21,0,10,11,21,21,0,0
2026,338,Kennesaw State,true,roster_present_with_identifiable_ol,2009,2010,true,evaluable_complete_history_window,,109,109,109,109,109,109,0,0,19,19,0,8,11,10,19,0,0
2026,344,Mississippi State,true,roster_present_with_identifiable_ol,2009,2010,true,evaluable_complete_history_window,,117,117,117,117,117,116,0,0,22,22,0,9,13,16,22,0,0
2026,349,Army,true,roster_present_with_identifiable_ol,2009,2010,true,evaluable_complete_history_window,,194,194,194,194,194,194,0,0,34,34,0,24,10,48,34,0,0
2026,356,Illinois,true,roster_present_with_identifiable_ol,2009,2010,true,evaluable_complete_history_window,,117,117,117,117,117,117,0,0,21,21,0,12,9,22,21,0,0
2026,2005,Air Force,true,roster_present_with_identifiable_ol,2009,2010,true,evaluable_complete_history_window,,120,120,120,120,117,117,0,0,21,21,0,15,6,21,21,0,3
2026,2006,Akron,true,roster_present_with_identifiable_ol,2009,2010,true,evaluable_complete_history_window,,106,106,106,106,105,105,0,0,19,19,0,9,10,20,19,0,1
2026,2026,App State,true,roster_present_with_identifiable_ol,2009,2010,true,evaluable_complete_history_window,,109,109,109,109,109,109,0,0,20,20,0,7,13,13,20,0,0
2026,2032,Arkansas State,true,roster_present_with_identifiable_ol,2009,2010,true,evaluable_complete_history_window,,116,116,116,116,116,116,0,0,21,21,0,12,9,25,21,0,0
2026,2050,Ball State,true,roster_present_with_identifiable_ol,2009,2010,true,evaluable_complete_history_window,,117,117,117,117,117,117,0,0,21,21,0,13,8,26,21,0,0
2026,2084,Buffalo,true,roster_present_with_identifiable_ol,2009,2010,true,evaluable_complete_history_window,,118,118,118,118,118,118,0,0,19,19,0,11,8,17,19,0,0
2026,2116,UCF,true,roster_present_with_identifiable_ol,2009,2010,true,evaluable_complete_history_window,,110,110,110,110,110,110,0,0,19,19,0,12,7,16,19,0,0
2026,2117,Central Michigan,true,roster_present_with_identifiable_ol,2009,2010,true,evaluable_complete_history_window,,110,110,110,110,110,110,0,0,21,21,0,10,11,23,21,0,0
2026,2132,Cincinnati,true,roster_present_with_identifiable_ol,2009,2010,true,evaluable_complete_history_window,,110,110,110,110,110,110,0,0,19,19,0,14,5,25,19,0,0
2026,2199,Eastern Michigan,true,roster_present_with_identifiable_ol,2009,2010,true,evaluable_complete_history_window,,113,113,113,113,113,113,0,0,19,19,0,6,13,14,19,0,0
2026,2226,Florida Atlantic,true,roster_present_with_identifiable_ol,2009,2010,true,evaluable_complete_history_window,,115,115,115,115,115,115,0,0,21,21,0,11,10,17,21,0,0
2026,2229,Florida International,true,roster_present_with_identifiable_ol,2009,2010,true,evaluable_complete_history_window,,108,108,108,108,108,108,0,0,19,19,0,12,7,15,19,0,0
2026,2247,Georgia State,true,roster_present_with_identifiable_ol,2009,2010,true,evaluable_complete_history_window,,115,115,115,115,115,115,0,0,19,19,0,8,11,10,19,0,0
2026,2294,Iowa,true,roster_present_with_identifiable_ol,2009,2010,true,evaluable_complete_history_window,,111,111,111,111,111,111,0,0,19,19,0,13,6,33,19,0,0
2026,2305,Kansas,true,roster_present_with_identifiable_ol,2009,2010,true,evaluable_complete_history_window,,114,114,114,114,114,114,0,0,19,19,0,9,10,16,19,0,0
2026,2306,Kansas State,true,roster_present_with_identifiable_ol,2009,2010,true,evaluable_complete_history_window,,112,112,112,112,112,112,0,0,21,21,0,10,11,20,21,0,0
2026,2309,Kent State,true,roster_present_with_identifiable_ol,2009,2010,true,evaluable_complete_history_window,,111,111,111,111,111,111,0,0,19,19,0,8,11,14,19,0,0
2026,2335,Liberty,true,roster_present_with_identifiable_ol,2009,2010,true,evaluable_complete_history_window,,107,107,107,107,107,107,0,0,19,19,0,8,11,13,19,0,0
2026,2348,Louisiana Tech,true,roster_present_with_identifiable_ol,2009,2010,true,evaluable_complete_history_window,,110,110,110,110,110,110,0,0,18,18,0,11,7,21,18,0,0
2026,2390,Miami,true,roster_present_with_identifiable_ol,2009,2010,true,evaluable_complete_history_window,,116,116,116,116,116,116,0,0,19,19,0,10,9,21,19,0,0
2026,2393,Middle Tennessee,true,roster_present_with_identifiable_ol,2009,2010,true,evaluable_complete_history_window,,112,112,112,112,111,111,0,0,15,15,0,7,8,8,15,0,1
2026,2426,Navy,true,roster_present_with_identifiable_ol,2009,2010,true,evaluable_complete_history_window,,197,197,197,197,197,197,0,0,32,32,0,23,9,40,32,0,0
2026,2429,Charlotte,true,roster_present_with_identifiable_ol,2009,2010,true,evaluable_complete_history_window,,112,112,112,112,112,112,0,0,20,20,0,7,13,11,20,0,0
2026,2433,UL Monroe,true,roster_present_with_identifiable_ol,2009,2010,true,evaluable_complete_history_window,,106,106,106,106,106,106,0,0,18,18,0,11,7,24,18,0,0
2026,2439,UNLV,true,roster_present_with_identifiable_ol,2009,2010,true,evaluable_complete_history_window,,108,108,108,108,108,108,0,0,21,21,0,7,14,14,21,0,0
2026,2440,Nevada,true,roster_present_with_identifiable_ol,2009,2010,true,evaluable_complete_history_window,,103,103,103,103,103,103,0,0,16,16,0,9,7,13,16,0,0
2026,2449,North Dakota State,true,roster_present_with_identifiable_ol,2009,2010,true,evaluable_complete_history_window,,130,130,130,130,130,130,0,0,18,18,0,14,4,15,18,0,0
2026,2459,Northern Illinois,true,roster_present_with_identifiable_ol,2009,2010,true,evaluable_complete_history_window,,113,113,113,113,113,113,0,0,19,19,0,11,8,21,19,0,0
2026,2483,Oregon,true,roster_present_with_identifiable_ol,2009,2010,true,evaluable_complete_history_window,,114,114,114,114,114,114,0,0,20,20,0,14,6,33,20,0,0
2026,2509,Purdue,true,roster_present_with_identifiable_ol,2009,2010,true,evaluable_complete_history_window,,120,120,120,120,120,120,0,0,20,20,0,11,9,17,20,0,0
2026,2534,Sam Houston,true,roster_present_with_identifiable_ol,2009,2010,true,evaluable_complete_history_window,,106,106,106,106,106,106,0,0,17,17,0,7,10,8,17,0,0
2026,2567,SMU,true,roster_present_with_identifiable_ol,2009,2010,true,evaluable_complete_history_window,,107,107,107,107,107,103,0,0,19,19,0,13,6,26,19,0,0
2026,2572,Southern Miss,true,roster_present_with_identifiable_ol,2009,2010,true,evaluable_complete_history_window,,112,112,112,112,112,112,0,0,20,20,0,9,11,14,20,0,0
2026,2579,South Carolina,true,roster_present_with_identifiable_ol,2009,2010,true,evaluable_complete_history_window,,111,111,111,111,111,110,0,0,21,21,0,6,15,11,21,0,0
2026,2623,Missouri State,true,roster_present_with_identifiable_ol,2009,2010,true,evaluable_complete_history_window,,105,105,105,105,105,105,0,0,16,16,0,9,7,9,16,0,0
2026,2628,TCU,true,roster_present_with_identifiable_ol,2009,2010,true,evaluable_complete_history_window,,115,115,115,115,115,115,0,0,20,20,0,14,6,26,20,0,0
2026,2633,Tennessee,true,roster_present_with_identifiable_ol,2009,2010,true,evaluable_complete_history_window,,112,112,112,112,112,112,0,0,18,18,0,10,8,15,18,0,0
2026,2636,UTSA,true,roster_present_with_identifiable_ol,2009,2010,true,evaluable_complete_history_window,,121,121,121,121,120,120,0,0,19,19,0,12,7,26,19,0,1
2026,2638,UTEP,true,roster_present_with_identifiable_ol,2009,2010,true,evaluable_complete_history_window,,110,110,110,110,110,110,0,0,20,20,0,7,13,12,20,0,0
2026,2641,Texas Tech,true,roster_present_with_identifiable_ol,2009,2010,true,evaluable_complete_history_window,,110,110,110,110,110,110,0,0,21,21,0,16,5,26,21,0,0
2026,2649,Toledo,true,roster_present_with_identifiable_ol,2009,2010,true,evaluable_complete_history_window,,106,106,106,106,105,105,0,0,17,17,0,9,8,17,17,0,1
2026,2653,Troy,true,roster_present_with_identifiable_ol,2009,2010,true,evaluable_complete_history_window,,106,106,106,106,105,105,0,0,17,17,0,10,7,20,17,0,1
2026,2655,Tulane,true,roster_present_with_identifiable_ol,2009,2010,true,evaluable_complete_history_window,,119,119,119,119,119,119,0,0,20,20,0,13,7,22,20,0,0
2026,2711,Western Michigan,true,roster_present_with_identifiable_ol,2009,2010,true,evaluable_complete_history_window,,104,104,104,104,104,104,0,0,18,18,0,12,6,19,18,0,0
2026,2751,Wyoming,true,roster_present_with_identifiable_ol,2009,2010,true,evaluable_complete_history_window,,113,113,113,113,113,113,0,0,20,20,0,14,6,29,20,0,0
